3.16712 0.15723 3.61047 4.62995 3.16872 1.46069 3.08669 0.72280 3.57565 0.17828 3.88838 4.87199 4.69757 3.28110 3.52381 2.62657 4.90785 2.36162 3.51180 0.77980 
0.15723 3.26449 3.16665 2.84693 3.25512 0.46376 0.58891 2.75032 2.38251 4.74143 0.56567 4.27274 2.75578 4.99994 4.33498 2.85718 1.25587 4.76866 1.89561 0.30225 
3.61047 3.16665 0.25380 0.35746 3.51276 1.86737 0.81032 0.39094 3.99487 0.21472 1.41121 1.60155 3.85144 3.94576 2.41533 2.49493 1.51971 3.13051 4.64627 4.10214 
4.62995 2.84693 0.35746 2.64061 1.18247 2.08198 0.21215 1.96926 3.95057 1.24556 2.08701 3.35021 4.99942 0.98520 3.94456 3.27656 3.76288 3.86346 1.33321 2.71886 
3.16872 3.25512 3.51276 1.18247 0.87960 4.32273 3.69452 4.06460 1.36923 2.32277 2.82721 0.39254 4.96004 1.88036 3.93644 0.73378 3.43081 0.20546 0.42084 4.09112 
1.46069 0.46376 1.86737 2.08198 4.32273 4.13951 0.20075 0.35440 3.52093 2.35683 0.45378 3.73721 2.58186 2.74376 0.43833 2.38807 0.54964 3.46779 3.08990 2.84009 
3.08669 0.58891 0.81032 0.21215 3.69452 0.20075 4.44715 3.46391 2.82300 3.67888 4.67819 1.15321 3.20603 3.46980 2.74794 3.23762 3.15293 0.18884 2.64328 2.71382 
0.72280 2.75032 0.39094 1.96926 4.06460 0.35440 3.46391 2.57733 0.97024 4.20489 0.97825 3.88970 2.97643 4.59680 3.32865 3.60604 2.38412 1.44581 3.57350 2.23881 
3.57565 2.38251 3.99487 3.95057 1.36923 3.52093 2.82300 0.97024 4.35717 4.63761 1.12009 4.81846 4.57732 3.20142 4.37319 0.06440 2.45077 4.35128 2.60339 2.80479 
0.17828 4.74143 0.21472 1.24556 2.32277 2.35683 3.67888 4.20489 4.63761 1.66812 0.07013 4.46469 0.60886 4.92267 1.68837 0.90154 1.31752 2.48374 2.61858 1.39500 
3.88838 0.56567 1.41121 2.08701 2.82721 0.45378 4.67819 0.97825 1.12009 0.07013 4.76676 3.06430 1.73540 1.98277 4.22524 3.24374 4.13603 2.64011 0.09657 2.22500 
4.87199 4.27274 1.60155 3.35021 0.39254 3.73721 1.15321 3.88970 4.81846 4.46469 3.06430 4.06238 2.83506 0.15639 2.17886 2.31906 2.04494 3.84498 4.00761 3.36706 
4.69757 2.75578 3.85144 4.99942 4.96004 2.58186 3.20603 2.97643 4.57732 0.60886 1.73540 2.83506 4.93032 2.96172 1.33389 2.52691 1.66149 2.00532 4.57061 1.07851 
3.28110 4.99994 3.94576 0.98520 1.88036 2.74376 3.46980 4.59680 3.20142 4.92267 1.98277 0.15639 2.96172 1.55088 3.57403 1.37444 0.01872 3.89796 4.83503 1.84141 
3.52381 4.33498 2.41533 3.94456 3.93644 0.43833 2.74794 3.32865 4.37319 1.68837 4.22524 2.17886 1.33389 3.57403 0.43104 3.55183 0.45054 2.81990 4.76023 4.65848 
2.62657 2.85718 2.49493 3.27656 0.73378 2.38807 3.23762 3.60604 0.06440 0.90154 3.24374 2.31906 2.52691 1.37444 3.55183 0.31678 2.43888 1.27450 4.91484 2.54574 
4.90785 1.25587 1.51971 3.76288 3.43081 0.54964 3.15293 2.38412 2.45077 1.31752 4.13603 2.04494 1.66149 0.01872 0.45054 2.43888 1.75892 4.97097 2.20061 0.76356 
2.36162 4.76866 3.13051 3.86346 0.20546 3.46779 0.18884 1.44581 4.35128 2.48374 2.64011 3.84498 2.00532 3.89796 2.81990 1.27450 4.97097 1.62720 3.54821 2.01279 
3.51180 1.89561 4.64627 1.33321 0.42084 3.08990 2.64328 3.57350 2.60339 2.61858 0.09657 4.00761 4.57061 4.83503 4.76023 4.91484 2.20061 3.54821 0.68151 4.76851 
0.77980 0.30225 4.10214 2.71886 4.09112 2.84009 2.71382 2.23881 2.80479 1.39500 2.22500 3.36706 1.07851 1.84141 4.65848 2.54574 0.76356 2.01279 4.76851 4.57187 
