0.09292 2.08625 4.83561 3.62363 2.96814 4.29860 1.53425 0.46126 3.59741 1.10826 3.26617 0.39898 0.60741 0.78489 2.39141 4.66389 2.37773 1.86841 2.06319 4.99247 3.62305 3.84575 1.24216 2.74050 4.62426 3.77452 4.21893 4.65278 3.78627 3.11450 2.77404 2.79591 4.86303 3.02999 1.64508 2.55148 1.51963 2.82172 4.30482 0.99611 1.65405 3.14274 3.35369 2.79758 2.72855 1.53622 3.78431 4.47871 2.05127 2.21750 3.43810 2.53849 2.68403 2.10091 4.61497 4.17390 3.25341 1.86396 2.75115 0.86914 3.12095 0.44700 4.59927 2.76815 1.97748 1.23082 1.44449 2.83074 4.20890 3.22398 0.60387 2.30519 4.22043 4.75813 1.08070 2.99641 3.07751 4.34479 0.59427 0.33831 2.23968 3.73011 4.85907 2.01285 0.13340 4.61234 0.53817 3.12253 1.77933 4.60568 2.60614 0.99583 3.49307 1.56758 0.30197 4.06736 0.79643 1.40604 3.57368 2.86160 0.47420 3.57889 0.07174 0.55798 1.20064 0.14649 4.75993 1.51716 3.23710 2.97907 2.01891 2.29695 2.41044 0.41389 0.42363 4.32962 3.34880 2.74814 0.90011 4.51862 4.85051 2.71188 4.69590 0.44792 2.25435 4.83918 2.03222 4.78488 2.86721 0.12244 3.71177 2.35989 1.38259 0.74917 0.61515 2.58367 4.92327 4.16561 1.48073 0.53351 1.88874 1.34776 2.68918 1.62040 4.34739 2.47844 4.79500 1.11316 4.84110 3.29466 0.10764 0.51792 1.36103 0.07948 1.83439 4.41998 2.99677 3.59966 4.78228 3.62182 1.58210 1.53734 1.76852 2.44030 0.17879 2.00917 1.11549 4.74583 2.71421 3.31940 3.57951 1.57644 3.66707 2.93963 4.97238 2.98581 4.66978 3.96120 1.53298 2.68166 3.94582 4.62007 2.76506 1.18101 3.94710 4.46776 2.21002 3.80428 4.61222 2.95511 0.22276 4.20808 0.68370 2.53435 3.77964 2.12532 3.24420 1.37438 2.20350 1.05539 
2.08625 1.44204 1.75775 2.23914 0.29015 1.54959 0.59541 2.46654 1.54484 2.44899 0.99788 1.67869 3.70650 0.17472 3.79477 0.66953 0.64289 1.70641 4.44554 1.23690 4.40964 0.13721 3.15533 2.98028 0.53464 4.11799 4.75345 0.30597 3.77993 3.96607 3.13797 2.60041 3.02183 1.53617 4.79601 0.71728 0.73893 0.28149 4.11172 2.18629 2.35011 4.42298 3.23738 0.09316 4.04733 0.72755 2.16901 1.62285 1.27083 3.63997 0.10789 4.28521 1.98113 2.88280 2.05117 1.85644 0.99912 4.73506 1.01576 3.83661 4.97210 2.01682 0.11435 3.52535 3.74268 2.97758 2.45397 4.70356 1.76468 3.33565 3.17699 2.94003 4.64488 0.30824 0.90129 2.04999 2.26299 4.66398 1.90744 2.55971 3.31054 0.31675 0.06234 2.79025 0.52052 2.34966 4.13404 3.48832 3.56460 4.33746 3.64278 2.69592 4.25913 0.54355 4.08974 3.66937 3.73135 0.76222 0.51430 2.30569 2.89530 0.90780 3.13942 2.39861 3.51605 0.70959 4.98790 2.58172 4.29816 1.23563 0.98071 4.49225 2.52058 1.26090 2.18469 1.24061 1.40755 2.42832 3.65742 0.95023 4.53178 2.57625 2.17015 3.95443 3.39967 3.76765 0.97982 2.23566 0.98319 2.33709 1.60066 1.16454 2.30383 1.44679 1.10704 0.35535 1.41039 0.12743 3.12071 1.08028 4.84586 4.87828 4.11412 1.77108 3.29508 0.56164 0.64428 2.54506 0.82196 4.38454 4.34030 4.79705 3.42437 2.19466 2.95596 2.84370 3.49157 2.49460 3.19438 2.54631 2.77979 4.50896 3.77521 0.19797 4.31833 4.22010 4.87968 0.67751 2.01415 2.56283 3.54154 3.65121 3.88562 4.36429 2.19330 3.16276 4.77473 3.20581 1.69881 4.27849 2.96626 2.12983 3.15284 4.04880 1.48777 3.11944 3.18360 1.17502 2.53552 0.03394 1.70897 3.71546 1.73170 2.32573 4.15574 3.47375 3.98260 0.41440 2.21311 4.44909 
4.83561 1.75775 3.99582 2.22018 4.74813 0.72188 0.89759 3.61511 2.62688 2.24354 2.44607 4.63308 0.75872 3.30665 1.58937 2.27718 0.68385 4.61675 1.30105 2.89987 1.75911 2.26204 1.92448 1.02937 0.34369 2.88876 3.55926 2.43050 0.05227 3.71126 1.16770 0.27136 2.91507 1.80516 2.11229 1.80749 3.27625 2.40359 4.25225 1.67392 3.16625 4.60969 2.72900 1.01383 3.22111 1.28989 2.31095 1.48186 0.59050 2.67084 0.00219 0.99438 4.60311 4.84735 4.35883 0.69900 4.74886 0.54940 4.11187 3.38823 0.12323 2.91212 1.73413 3.75860 1.27347 4.95746 3.17823 0.93438 2.12639 4.10750 3.27607 4.33857 1.68232 4.40407 3.05269 2.74962 1.57311 3.56572 3.24657 3.56750 0.62988 0.44858 3.62664 4.40488 1.83720 3.53291 0.68737 1.98579 3.59784 1.39037 3.12539 0.48509 3.05114 2.61980 3.24496 2.27569 1.31647 4.91152 4.39873 2.10771 2.33495 4.91463 0.49282 4.95448 4.39930 2.65919 4.91963 3.69642 1.26486 3.91033 1.43367 3.93717 2.77274 2.00531 0.05909 2.15872 4.36493 3.21441 3.17406 3.11813 4.48686 3.25329 2.21798 2.50047 1.23783 1.30802 2.72958 3.89549 2.40476 4.37510 1.56530 1.82492 0.18996 1.19959 1.54073 1.86785 0.08555 4.95672 2.45804 3.61041 2.85199 2.67899 2.55821 3.76977 4.89919 1.40589 3.09860 1.13830 2.34732 0.01950 2.69059 3.08056 2.04180 1.63350 4.62406 2.95165 2.01919 1.39812 3.99836 4.64048 2.65574 4.35811 4.61508 4.26490 2.59136 3.00835 0.26542 0.03897 2.70142 0.90327 3.96259 1.31647 2.90768 0.82540 1.48223 1.50145 1.57641 0.85778 0.13694 0.75837 3.07286 1.25004 2.33463 2.49466 0.73213 2.25164 4.16670 3.31110 3.89946 3.40538 2.00801 3.29436 2.69975 1.96386 3.05334 0.07666 3.05575 0.68982 1.48862 4.31567 
3.62363 2.23914 2.22018 0.00413 2.92272 3.92332 1.09934 1.20413 2.29988 1.07210 4.09231 1.41844 1.28552 0.95030 3.99095 0.72206 1.82809 4.97400 2.41010 4.89177 4.19168 0.96817 0.69645 0.30506 4.71414 1.77776 2.24873 2.26843 1.87181 3.73932 2.76555 0.86578 4.28141 3.95263 1.86696 0.60974 1.86486 3.04290 4.81739 1.66371 2.32651 1.82757 0.57811 3.52800 2.84666 0.10416 2.23789 0.52657 4.74594 2.21651 3.50586 3.44705 1.10519 1.39886 2.53314 3.35788 0.48192 4.35630 1.88494 2.11497 4.01160 3.53528 0.17721 0.86395 3.14845 0.94062 1.27680 2.01202 1.93047 3.74215 2.23912 4.57954 4.05917 4.81164 0.40726 0.52030 2.88905 0.47157 1.55117 4.82279 3.01999 2.30563 3.20155 1.85165 2.98223 4.76440 0.68966 0.16823 4.17238 2.33951 0.99118 3.76649 4.92865 4.31885 3.57910 1.39099 3.37752 1.07264 0.79803 2.05851 2.41283 3.65384 2.10223 2.60563 1.11649 0.38115 4.06292 0.62891 3.84954 0.36462 2.70077 3.49997 0.64852 4.44190 3.17898 3.72864 0.98845 4.23116 2.58556 4.14720 0.21725 2.43898 0.71459 4.60843 0.34098 2.85869 1.83978 2.86883 0.42375 1.77751 3.26649 1.38350 3.75559 4.60479 1.39541 3.01658 3.49567 0.21820 3.47025 1.39366 3.59413 1.77920 2.59023 1.34298 0.07343 2.03023 4.81375 4.71947 2.86875 4.48995 1.77197 3.83861 1.30711 2.60130 4.54862 0.80095 1.38760 3.05343 3.20577 4.52799 4.51189 2.94038 0.17525 4.29805 0.42706 4.58623 0.36276 3.73674 4.36528 0.16233 4.68882 2.43058 0.69945 2.25313 4.51986 4.76945 3.64583 2.35282 0.01717 1.04005 1.41725 3.65801 0.48492 1.77050 2.81110 1.17813 1.85554 0.52735 2.06822 3.03380 2.17609 1.77960 1.29145 3.22615 2.40901 0.63713 3.11094 0.21244 0.73087 0.63901 
2.96814 0.29015 4.74813 2.92272 0.23687 1.34347 0.39017 4.78383 2.17575 2.83743 4.79762 0.46155 1.59552 0.16800 4.98817 0.24385 3.51368 1.91933 1.67119 0.82610 1.82553 0.64708 2.42406 0.07460 0.37437 4.62823 3.97446 1.73187 0.24560 1.57864 0.13867 1.06366 2.71343 2.16768 4.65858 3.61304 2.01558 2.11573 4.62058 4.35973 1.13116 4.68099 3.19765 3.39226 4.00448 2.73476 4.37549 1.69199 2.22625 4.40320 2.98694 0.63439 3.35142 3.38330 4.56215 0.24580 0.61194 2.69149 4.11916 4.35118 3.35410 1.39557 4.37604 3.32971 3.68672 1.14144 1.90933 3.90308 4.42960 3.29188 2.34888 1.94273 1.87753 1.72847 4.76644 1.74617 4.28411 3.76315 3.34995 4.23042 4.48081 0.80108 0.26886 1.48015 1.10090 1.98195 4.22498 0.60472 4.41515 1.79683 0.59053 1.76761 1.51004 4.87924 2.68876 1.99461 4.16892 1.75186 2.74624 0.21528 1.33854 4.17867 1.29956 2.29352 4.97747 2.03146 0.47667 1.23481 1.65654 3.79033 0.08690 3.57413 1.79653 4.22171 2.97810 3.23356 0.43258 1.63134 2.67808 4.05241 2.95190 2.79128 1.09618 3.22507 1.19054 0.06313 1.57525 4.10021 0.44042 1.95758 4.04982 1.09457 4.42073 1.91295 3.57093 4.82908 4.73301 0.17301 4.22873 1.30656 0.13972 4.48256 1.15883 1.89830 1.58787 1.78456 4.11681 1.79934 0.91574 2.03699 0.19556 4.23576 2.82049 1.71424 2.93373 3.17591 3.88132 3.01412 2.99995 3.30306 3.19660 0.45774 1.15830 1.07105 2.73941 1.59850 4.53846 3.38480 1.61548 3.30530 3.69983 0.75100 1.53648 4.36284 2.33817 2.13662 1.53308 4.45147 2.11728 0.58537 1.02353 1.39632 3.29356 3.28812 3.13783 3.57940 2.95138 0.02011 0.75525 2.71065 2.58866 4.96371 3.13695 4.58034 2.93071 3.07590 0.68781 4.74370 1.54330 2.55862 
4.29860 1.54959 0.72188 3.92332 1.34347 2.13694 3.30073 2.54084 0.19787 4.92748 3.46442 2.31016 4.48652 4.50901 3.59668 2.20384 4.49093 2.45497 4.92421 2.99887 2.40200 1.31899 3.51988 0.10598 2.98899 0.10468 1.09651 1.98404 4.69299 3.37068 1.15886 2.53249 4.62686 1.81318 3.49998 4.86597 3.13722 3.66292 2.51622 1.42076 4.01052 0.16806 4.41001 1.79595 2.62150 1.59238 1.81507 4.72732 3.91440 1.58596 0.42937 1.65260 2.73377 0.04818 2.79673 3.11887 4.67338 0.02782 0.81055 2.86124 2.85536 1.13861 2.89713 1.44384 0.28317 1.01971 3.20101 3.48513 4.10425 1.66658 0.67080 0.41879 4.07393 2.88901 2.41686 0.58584 2.11046 0.62739 0.46869 2.97224 1.28048 0.54909 3.44137 0.74915 4.14033 2.94114 2.17060 0.72927 1.69644 3.86891 3.09204 0.10373 2.52921 1.35158 2.72257 4.19075 2.87015 2.65029 0.70272 3.12158 3.73052 1.92438 0.33647 0.26417 2.97719 3.50125 1.72754 4.98266 3.54411 2.85988 1.47159 2.93662 2.58705 0.44246 4.38862 2.31022 4.24791 1.39893 0.13684 2.04547 1.03093 0.91236 3.36194 1.63928 3.42431 4.44517 3.62757 1.29856 0.97322 1.94732 1.02403 4.06741 2.24630 0.15297 3.54238 4.92357 4.09061 2.70438 0.96656 3.15533 2.86832 0.13769 0.81291 2.58445 1.47138 4.16732 0.32692 1.29402 0.35285 0.15312 3.52371 4.49350 4.46103 4.83076 1.97986 2.43606 4.25621 1.05091 1.49932 2.96836 0.20146 2.39226 4.78849 1.30026 3.59565 1.58766 1.99227 3.03620 1.03727 0.99916 4.92275 0.90253 1.42461 0.17761 1.31829 3.07079 3.29608 1.39469 3.71904 1.53967 1.65441 4.00240 2.95401 1.86360 3.68868 2.38686 2.67682 0.15894 1.07768 0.98387 3.43775 0.97587 0.72074 1.42421 3.96654 4.38277 3.77268 3.00221 3.39517 0.69655 
1.53425 0.59541 0.89759 1.09934 0.39017 3.30073 4.05915 4.70394 0.25742 0.32660 3.19755 2.39864 2.14950 4.43962 1.75441 3.16080 0.76484 2.74668 4.31963 3.24057 0.66994 4.95430 3.58451 4.88935 1.16382 4.98590 4.06720 4.04658 4.06190 1.29307 3.55639 2.03735 3.41867 4.64720 3.24000 4.67002 1.40939 3.08478 0.77779 0.97492 2.63827 3.91754 1.76935 1.82168 2.54241 3.29420 0.49521 3.59155 1.78235 0.98967 1.88020 0.27599 3.22121 2.31412 1.08319 4.90266 1.41615 1.08467 0.27448 0.14951 2.30446 4.93250 3.16532 2.75728 0.73932 2.16515 0.92906 4.76679 1.69984 2.44480 3.84945 4.33034 2.79916 1.54715 4.48130 3.53561 2.28320 4.94024 2.26735 1.25574 1.13953 0.26816 3.46138 4.94236 1.51649 3.58095 2.22345 0.71059 2.13355 2.24943 4.82299 1.24778 1.19468 4.51415 3.77777 3.49627 1.90158 0.00252 2.32260 3.71449 1.60857 4.90996 3.01486 2.17863 4.02558 2.87340 1.30238 0.22982 1.42290 2.50160 3.08368 2.64733 4.23687 2.59161 2.34294 1.00100 0.73811 2.91914 4.83250 1.03386 0.87604 4.19774 3.06955 2.59445 3.12947 4.05504 2.00852 4.78744 0.20259 3.25954 4.11911 0.96684 0.93862 3.67645 4.04341 1.85036 3.56597 2.65492 0.90485 0.29308 1.73013 0.50873 3.90453 0.29655 4.04071 4.09954 2.35214 1.33443 2.62003 0.05416 4.35508 2.50159 3.37564 1.02760 1.22094 0.81005 3.13289 4.48151 3.23766 2.89779 1.00989 0.39603 2.97931 1.73613 1.35113 1.02430 2.07198 1.63424 0.46873 1.47557 1.44686 3.97891 2.38222 0.45972 2.34077 3.00989 4.66743 4.71682 4.58873 4.33143 2.58912 1.40495 0.32695 2.37668 0.52381 3.33468 2.90754 1.26866 2.60381 2.36403 4.26091 3.32024 4.80833 4.34174 0.85467 1.16145 1.87576 1.68606 1.83823 3.31687 
0.46126 2.46654 3.61511 1.20413 4.78383 2.54084 4.70394 2.34513 4.37931 3.56209 0.13724 2.39451 0.85404 1.87638 0.73905 4.51831 3.84417 1.98199 3.96351 4.26969 3.81395 0.99304 4.03508 0.53472 0.48965 4.21397 2.30029 1.05190 4.37482 4.70944 0.14443 1.04799 0.89192 4.39799 3.41836 3.03439 0.06317 2.30841 3.72652 3.55791 4.91515 3.05648 1.01256 2.28804 4.19890 1.11048 1.57879 1.46526 4.58375 4.17981 1.05274 3.85135 3.37478 3.56999 2.69897 3.78422 4.57576 4.66683 3.70976 3.32196 4.96803 4.73922 3.80658 0.29270 1.88803 0.95594 3.26994 2.07805 3.78992 3.19977 2.78073 2.33568 2.09218 0.81192 2.60848 2.49542 3.48828 0.51903 3.39363 2.58730 3.99993 0.26976 3.23100 1.82009 1.85752 2.65330 3.92383 2.82466 3.48652 1.67941 2.11186 4.80642 4.78259 1.48991 4.71813 2.16941 0.68353 3.64373 2.55922 1.83723 1.14514 0.89742 0.53789 4.31313 2.74494 2.39699 3.11861 1.00505 0.65463 4.23598 2.57351 0.95783 1.91523 1.83225 1.09065 4.55268 3.23174 4.26902 2.33951 0.07549 0.68350 0.95347 0.58307 2.14619 2.26777 1.81332 0.27335 1.61839 2.39495 3.00169 4.14313 0.68533 4.81146 1.26582 0.75268 4.99699 1.80876 4.88474 1.92397 2.74358 4.49325 4.35390 2.41838 1.98265 0.74140 3.82568 3.02665 3.27433 2.78709 3.06990 3.14505 0.68963 4.11439 0.33802 0.12955 1.91979 1.03130 3.77132 2.73588 0.94413 1.43801 2.73403 0.76767 1.11557 4.48232 1.85467 3.43541 3.65780 3.00538 3.37754 1.65668 3.19668 0.55922 0.24426 3.65157 1.78879 3.84568 0.80363 1.26995 2.87968 1.35161 0.17618 3.85752 3.09555 1.79110 4.64515 0.47163 4.82075 0.41023 4.40335 0.50409 0.16705 3.84899 2.02946 1.38468 4.43100 0.81656 0.99946 3.91531 1.14745 
3.59741 1.54484 2.62688 2.29988 2.17575 0.19787 0.25742 4.37931 2.43868 4.73886 0.83017 3.76808 0.53712 0.39719 4.56227 0.16414 4.95215 0.96410 1.61245 3.11700 2.10771 4.16079 3.81478 4.71528 1.52812 3.92289 2.64465 2.82326 1.76444 1.26345 0.25544 3.17603 1.89113 1.96400 2.40986 4.04791 3.24072 1.31648 0.90767 4.14244 2.60054 1.03221 4.53570 1.37688 3.58333 4.28069 3.27671 0.54780 1.07834 0.53075 4.32325 4.63572 2.50572 2.67919 3.93203 0.35807 2.34094 2.68512 0.91624 1.83617 2.99274 0.22677 2.46967 2.18164 3.44634 3.48572 1.42233 4.91250 4.09893 0.09237 1.08493 3.31306 4.28692 0.16697 0.70538 4.79317 2.14100 1.71953 4.65836 4.57129 1.50691 0.96621 3.75636 2.39721 3.77519 2.24368 4.21237 0.78988 0.00472 2.59843 1.51999 2.34520 3.77169 2.06569 2.83095 2.97024 3.69193 4.48155 0.80546 1.53079 1.65057 4.06820 2.65167 2.91822 3.92405 1.25141 4.44148 0.21188 4.72766 2.29355 4.33704 3.65045 0.29250 1.51734 4.14979 3.94889 0.53379 3.64220 1.51128 3.97866 4.27305 1.12615 0.70552 0.54349 4.01707 0.29543 2.00892 3.45880 1.56260 3.42611 3.82922 2.11187 4.41544 1.11813 0.42348 4.32612 3.80480 2.15257 2.91229 3.56498 3.19553 2.25554 2.36688 0.12822 4.80382 4.59268 4.11610 0.06156 2.99389 0.50181 0.05485 1.51540 0.25687 3.62926 4.60498 2.45039 3.06797 2.78913 1.31863 3.05054 3.49750 2.11258 0.67390 1.32436 4.36672 1.32250 4.90978 0.96068 2.73516 1.76334 3.31422 2.07192 1.96446 1.46864 4.01322 0.46812 2.80073 1.47172 2.32425 0.23007 4.26678 3.49654 2.21217 2.71097 1.46359 1.42447 3.41593 3.51854 2.09357 4.66263 1.75936 0.29129 1.97252 4.96560 1.89518 4.16622 1.47149 4.93557 2.90049 2.17378 
1.10826 2.44899 2.24354 1.07210 2.83743 4.92748 0.32660 3.56209 4.73886 4.59095 4.47642 1.40049 2.52832 1.72750 2.86333 0.16845 2.99855 0.54667 0.84641 1.87298 0.53719 0.26458 2.69985 2.02135 3.86871 1.99635 3.29921 2.40065 1.22927 2.22256 4.92858 3.93243 1.32672 1.31768 2.43620 1.83070 3.44781 2.07896 4.74768 2.05665 3.54327 2.28464 4.36543 3.07605 3.83304 0.12918 1.91384 4.89664 2.70788 4.45609 2.69452 0.85551 1.38088 4.69976 0.58160 3.96966 0.23284 0.41336 2.98373 2.20182 3.17620 0.89522 4.42023 1.33779 1.66029 3.31971 0.97873 4.44797 3.38823 3.65634 0.34206 2.00494 1.09675 4.64231 1.57297 1.55904 1.25341 1.91643 3.63418 2.60724 0.59027 3.77711 4.98519 1.61565 2.56474 1.68233 3.14960 4.52749 3.11265 2.74753 0.08021 0.97467 3.13720 3.93818 2.48467 4.54968 3.71199 0.10978 2.10989 4.13373 1.82495 3.37237 1.74604 4.43609 1.96110 3.69080 3.40579 2.60858 4.92882 1.06210 4.59367 2.35753 0.04236 1.80936 0.71638 1.19542 3.25176 3.41473 1.73562 3.93618 4.68242 2.18619 1.94891 0.83545 2.63462 0.86177 4.94566 3.77100 2.67787 1.83638 3.04973 3.92466 3.53670 3.02849 4.97688 4.70721 3.93788 4.85505 2.63686 0.31900 0.11262 2.36121 2.45201 1.78411 2.81062 3.15688 2.78443 0.47390 4.28140 0.48431 2.92595 0.74985 2.95721 2.91089 4.05129 1.12641 0.48373 0.88012 0.83593 2.26678 3.19035 1.62334 1.44472 3.67953 2.17968 2.83768 1.98213 2.44802 1.50445 2.56546 0.51466 0.98045 1.65215 4.99985 0.51387 3.16318 1.98963 4.51630 4.18562 4.49765 0.34990 2.25351 4.13652 1.63104 4.44431 0.59751 1.25029 0.99706 2.82953 2.15384 0.39905 3.17642 4.27930 0.31307 1.67280 0.69281 3.33702 1.55099 2.47447 3.67097 
3.26617 0.99788 2.44607 4.09231 4.79762 3.46442 3.19755 0.13724 0.83017 4.47642 0.74084 3.77559 1.97930 2.50595 0.20728 0.59666 4.80302 4.09981 4.57099 1.50004 1.04979 1.50245 4.55391 4.84768 2.33257 3.90034 1.97063 2.07640 2.56749 3.80197 1.17180 1.75535 1.86084 2.20487 0.13395 3.49484 0.23054 0.24957 1.18151 0.43163 0.16113 1.88535 0.68250 1.88989 0.58583 1.92483 2.70698 3.21708 1.15597 0.34608 1.04312 3.99482 1.00595 3.12644 2.79732 4.24056 3.39273 3.33985 0.18570 1.65276 1.89742 0.81487 0.87845 3.85698 4.47026 3.69278 4.16548 3.31836 2.70226 3.62186 1.25168 3.57684 0.86780 0.71513 3.59871 3.60160 0.63452 3.44255 4.54439 3.86015 4.83520 3.24812 4.54178 2.55519 4.37995 3.31473 0.56153 1.93742 4.61782 4.75063 1.24058 1.58711 2.17882 1.75923 2.68710 3.64157 0.30991 2.56545 3.87052 2.59239 4.81119 1.00653 1.84106 2.08731 0.05714 0.52093 1.69690 1.14086 4.00814 4.56700 1.01005 1.91804 0.16185 4.32208 2.05143 3.33227 0.72418 3.41537 4.53882 0.75584 2.88400 2.76395 3.14248 4.23593 0.52301 4.65517 4.69500 4.43585 2.37597 4.66078 3.99530 3.66860 0.05272 1.90435 1.50081 4.58432 2.24170 1.52570 2.75263 2.43291 4.21629 2.80108 0.46343 1.10821 2.66798 4.45899 0.15730 4.03769 3.17927 0.96671 1.62912 3.20419 0.94055 0.40656 3.28522 3.35253 1.79919 2.48287 2.33721 0.56637 1.42775 2.93607 0.50071 4.61052 1.40964 0.44064 0.15558 1.57451 4.79151 0.94444 2.16544 1.66653 0.14684 0.40186 1.74273 2.37819 1.26834 0.25855 2.84829 3.44260 3.16788 4.67621 2.80002 4.95768 4.35220 2.91979 4.65539 2.04796 3.17690 4.16230 3.85309 3.43822 4.10672 2.05376 2.82803 0.14768 4.64936 3.12724 1.33266 1.16232 
0.39898 1.67869 4.63308 1.41844 0.46155 2.31016 2.39864 2.39451 3.76808 1.40049 3.77559 3.63612 1.61776 3.94043 2.77253 2.02427 4.70597 3.31303 1.28311 2.95172 4.99177 3.87064 1.91192 2.92048 3.09063 4.31007 0.93218 1.58589 4.33257 2.21439 4.91218 2.12538 2.34943 3.74097 3.33628 4.82513 3.84602 1.96551 4.91487 0.70327 1.56592 3.00443 3.61007 3.36117 4.64933 3.09566 3.31250 2.07514 1.52151 1.65266 2.33577 2.49175 1.69258 1.13239 0.47365 3.33313 4.45764 3.79536 1.45560 4.74218 4.28837 1.95616 1.79528 0.37004 0.54875 1.70124 4.44917 3.92405 1.15835 1.81570 1.47666 4.62803 2.59318 4.54409 2.24572 4.19952 3.54732 1.99528 1.27763 2.40052 4.08633 1.37784 2.82948 4.67732 0.87831 0.65858 0.92346 4.65738 0.27882 3.71936 1.03697 3.43109 2.62606 0.14075 0.74901 1.30595 2.04232 4.56764 0.61591 4.60107 2.57196 1.36360 0.63692 3.64898 3.36649 2.29463 3.21825 3.41691 2.36968 3.10850 2.29775 2.55554 0.09273 4.60563 3.63345 1.56246 0.39909 2.59730 4.46432 2.52214 0.05408 4.68609 2.23318 4.29257 4.21464 0.20363 2.62826 3.36837 3.13513 3.72681 4.29513 1.10748 0.50515 0.14550 1.53361 1.78550 3.89184 1.25113 1.60075 3.59214 0.37330 0.69430 4.76049 4.33590 4.27852 2.05519 4.46091 2.23579 4.91616 1.77644 1.38135 1.78756 4.71749 1.11654 2.11336 3.66137 1.54189 4.84084 4.85291 1.86024 3.21690 0.52623 1.25704 0.71491 0.19357 4.51874 4.01870 3.55845 4.49285 0.35632 1.34108 0.29176 0.66718 3.91192 0.34061 1.27140 4.08456 3.38724 1.10988 2.60950 2.50905 0.31131 4.25183 0.73102 1.26449 1.78833 3.82092 0.87659 2.55694 0.76986 1.82968 1.73682 4.14029 2.17027 3.49799 1.95164 2.04937 2.23212 0.82324 4.27965 
0.60741 3.70650 0.75872 1.28552 1.59552 4.48652 2.14950 0.85404 0.53712 2.52832 1.97930 1.61776 0.72114 3.90944 1.56029 1.63935 0.36938 3.85718 2.43949 0.32656 0.87864 4.28190 2.17654 2.72782 0.91172 4.76296 2.19032 3.06506 1.07053 2.73876 0.73325 4.73567 1.26672 3.66630 4.53419 3.84725 1.41549 0.60472 2.87772 1.60834 4.89928 2.79717 2.00757 4.42332 3.20819 1.58833 1.69866 2.27927 4.76800 2.02453 0.03477 3.30826 4.24583 2.75472 2.74133 4.09509 0.87758 0.34735 3.62897 0.28742 4.40111 0.03101 0.71908 0.59290 3.58636 0.77633 1.75322 2.13323 4.72128 1.88943 2.97923 3.01334 2.60154 1.16018 4.19671 0.57965 4.95859 4.58486 3.00930 4.23496 2.98595 2.69488 4.44011 0.48036 1.84514 2.21104 2.52767 4.52332 4.17341 4.69524 0.13298 1.86307 3.61325 4.88375 2.99347 0.60254 0.94346 3.70496 0.48703 4.28464 0.23241 3.55933 1.69137 3.07752 1.54185 2.17499 2.10090 0.49034 3.58466 0.35362 3.89959 2.16182 2.64972 1.74925 1.47522 3.88539 2.33270 3.73865 1.03329 2.99927 3.70218 3.66288 3.75124 0.73826 2.54830 3.66392 0.07051 4.60639 4.13623 3.88001 3.01194 3.35229 2.26345 2.47372 2.01399 0.60861 1.50810 3.37659 4.82128 4.66617 0.98254 3.47387 1.62009 0.49453 1.06200 4.40818 1.54587 2.87330 3.85127 0.13866 2.13435 2.07106 3.25483 1.69353 0.40208 1.68664 4.61623 0.24287 2.31362 4.16594 4.94566 3.19196 3.10297 2.81763 1.72902 0.65379 3.58587 3.39513 2.44410 3.55551 4.44078 2.08663 2.94964 0.12482 2.80127 4.98898 0.37823 4.39690 0.13424 4.33717 0.58619 4.19474 0.66205 0.25438 4.39086 4.22971 1.79419 4.98740 2.07130 3.21572 2.58355 2.23902 3.00146 2.30950 3.91674 2.61952 3.92044 1.60846 2.43518 1.55978 
0.78489 0.17472 3.30665 0.95030 0.16800 4.50901 4.43962 1.87638 0.39719 1.72750 2.50595 3.94043 3.90944 4.58214 4.63294 4.40009 2.48157 1.24350 3.67413 0.33773 1.15870 4.28707 2.03635 1.19931 0.15601 4.88771 3.68056 3.45202 1.95815 2.94793 4.67621 3.38273 2.93540 3.97908 0.48407 3.48398 1.00102 0.40198 4.17092 0.03440 3.63799 3.09878 4.64855 1.45269 4.68243 4.45454 4.33668 0.15882 2.69484 0.58208 3.87976 4.12026 2.10582 3.69469 3.75988 0.98740 4.34457 2.45975 0.60558 2.36631 2.42972 2.68030 3.41396 0.86055 1.68337 0.37502 3.70192 4.70485 0.31062 1.58800 0.15120 1.16485 3.13515 1.40428 4.68910 4.08759 0.19258 4.28402 2.17787 4.64186 4.63008 3.08542 2.20500 3.11537 3.24653 3.91313 0.55581 4.75299 2.41016 3.11504 2.19905 1.78805 0.21967 3.52618 1.36460 2.68461 0.91618 0.11423 0.08492 2.96328 4.32001 0.97051 1.40503 0.00801 3.65296 4.58225 0.04010 3.76597 0.53137 2.25305 1.22844 0.97081 2.27836 2.65875 0.74692 1.29264 1.43118 0.85238 2.83576 3.88950 0.41656 4.59674 1.13239 3.08878 4.66607 2.00402 0.60590 1.13751 3.85703 4.91284 4.08291 2.04221 3.72973 0.81225 2.88542 1.77831 2.86815 2.02535 0.68545 1.53199 1.58316 1.15205 3.19946 4.98063 0.32802 1.81696 2.27799 4.89961 0.95878 3.71651 4.22871 0.97045 1.25490 1.96632 2.47972 3.56840 0.89826 1.23769 4.53788 4.42422 0.10578 2.08070 1.41564 0.42662 1.18796 1.86328 2.53823 2.88830 1.90417 3.63219 4.55019 4.41163 4.87659 2.90654 4.32012 0.02146 1.85648 3.45053 3.90101 3.58438 3.98608 1.70364 1.80093 0.20057 0.62160 0.05802 4.91680 2.36780 4.86025 3.11055 0.09983 2.30393 3.80927 3.44541 2.97196 4.03748 2.33441 4.25044 3.17248 1.29243 
2.39141 3.79477 1.58937 3.99095 4.98817 3.59668 1.75441 0.73905 4.56227 2.86333 0.20728 2.77253 1.56029 4.63294 4.60010 0.98249 4.25602 1.99922 1.05519 1.48315 4.51762 1.54549 2.60400 0.03281 1.81734 2.86585 2.83125 2.20982 0.20159 0.77720 0.20333 1.49959 3.65817 0.85417 0.85360 0.04845 4.53796 2.75710 4.66363 2.96793 1.07207 1.56329 4.98865 1.12062 4.50631 0.99101 0.23666 0.32852 1.86510 3.76648 2.11756 1.67460 2.39779 3.97915 4.32963 2.76873 4.70842 0.45163 1.67197 3.03681 2.23425 0.66182 0.56905 2.79948 2.63260 4.97892 4.09976 3.93160 4.22398 2.18758 4.24872 0.54941 0.59323 4.88935 3.98308 2.53809 2.88891 3.19427 2.21918 4.90300 4.11218 4.59432 4.92696 1.26351 3.52648 2.38028 4.74907 3.18495 3.23049 3.90361 0.13812 1.10383 3.35403 3.26168 1.26896 1.00045 3.39680 2.10826 0.82208 4.63542 3.02436 1.66003 0.19449 4.52955 2.45868 2.12461 4.14034 2.13558 1.19805 1.64664 0.21773 4.04342 0.62490 1.02728 3.49061 4.06518 4.51172 1.38063 1.55458 4.66135 3.12273 2.15114 1.29905 0.16311 2.59066 4.52166 0.64063 3.39957 3.28746 4.82650 3.34724 0.70020 2.72040 1.67235 0.67945 0.37634 1.98979 0.72625 3.89531 4.01939 1.41354 4.61114 3.26411 1.63270 2.63249 0.75058 2.50837 1.34925 0.38673 3.91335 3.01697 1.40397 4.42856 3.35194 1.54524 0.01944 2.39724 2.92624 2.82208 2.83459 0.31152 4.21191 2.72630 4.62974 2.97911 2.96332 1.76114 3.06716 4.62161 3.22182 2.06161 2.42834 2.36635 1.01392 1.30599 1.35635 4.66268 2.78990 4.69102 4.14026 2.79365 2.22577 2.66958 2.35936 4.33028 1.60058 4.86464 4.75357 4.92482 4.91163 4.47188 1.03683 2.27475 0.08533 1.37517 0.31888 3.37482 0.85546 0.03864 0.66135 
4.66389 0.66953 2.27718 0.72206 0.24385 2.20384 3.16080 4.51831 0.16414 0.16845 0.59666 2.02427 1.63935 4.40009 0.98249 1.48160 3.02917 0.24265 1.64665 0.16362 3.24903 2.71806 1.27594 1.72691 0.93370 4.34808 3.89712 1.46806 3.67726 0.57429 2.57032 1.09694 4.98471 4.01346 2.44954 2.22273 3.18811 3.69631 2.55031 2.64858 0.73135 3.23470 0.10989 4.96161 0.63294 3.14709 1.56413 2.33166 2.87390 3.38720 3.67067 3.78937 4.14325 0.27019 0.21908 4.49385 2.87837 4.74509 4.07149 1.52429 3.82226 3.66959 4.47304 1.64558 2.48888 1.08148 3.92592 2.86473 0.47243 3.68356 1.71745 0.67525 4.59222 3.95031 3.97784 3.89653 1.45474 0.58430 2.98198 3.37353 3.30454 0.98947 1.12965 3.38101 0.58115 3.05264 3.48568 4.95112 2.59586 1.73053 0.04510 4.04151 4.27852 2.70067 1.63565 0.21569 2.24602 4.95195 2.97095 2.50092 1.13043 3.54494 0.23107 3.21125 1.43437 3.57106 3.34483 4.61354 1.30285 2.36928 3.06937 2.41729 3.80541 1.43380 2.96027 3.68167 1.29024 1.85827 0.37075 0.05538 3.42404 1.13217 4.94588 2.45061 2.88038 3.23150 2.43820 0.65693 3.63661 3.15600 0.58157 0.83541 3.22983 3.86314 2.75281 0.80895 0.48761 4.26837 2.02311 0.04830 0.46580 3.03295 4.26697 3.91337 4.00706 1.98375 0.33515 0.16825 1.28635 0.52183 1.00349 0.87069 4.37980 2.42304 3.84312 2.22185 3.61733 3.23901 1.19403 4.83017 0.73549 0.62153 0.70635 2.52980 3.50313 4.44747 3.09802 0.53664 3.05695 0.57414 1.78718 1.41370 1.05716 3.44074 0.33117 1.34763 2.49441 1.91589 0.34524 0.35531 0.47911 0.71625 0.00288 4.69505 2.19462 1.15681 3.82144 1.35328 3.85766 4.78927 4.21253 4.62182 4.60631 2.81673 4.99242 4.53245 2.72070 1.79623 3.48698 3.03675 
2.37773 0.64289 0.68385 1.82809 3.51368 4.49093 0.76484 3.84417 4.95215 2.99855 4.80302 4.70597 0.36938 2.48157 4.25602 3.02917 2.10714 4.63854 0.07470 0.02621 0.06932 2.94732 4.55508 4.49986 0.71255 1.29793 4.93619 2.77471 3.93761 2.70593 4.44961 2.67540 1.57298 2.67286 2.43371 4.15997 1.35727 2.29567 3.30332 0.07142 1.94367 0.78799 4.03616 2.33352 3.97399 3.76599 4.36257 1.32241 1.31982 4.00720 2.31638 3.68295 3.46237 4.38331 1.68091 4.06550 4.47021 2.91156 2.59848 1.13103 1.31623 4.55716 3.67444 0.41072 1.17331 4.57074 2.03287 0.86402 3.55366 4.85918 4.22185 1.11250 2.56286 0.59254 2.63789 2.64574 1.36896 3.94801 2.27432 3.81227 1.12331 4.41805 1.39477 0.08959 3.78819 4.37405 1.00380 1.14066 0.54082 4.81969 0.31161 1.13277 2.94056 2.30547 3.36298 4.04351 2.81164 0.45426 2.48264 0.48528 1.64505 0.19063 2.55638 0.42677 3.23735 4.62539 1.56046 0.01106 1.62959 3.25164 3.32889 4.10357 4.19512 0.11759 1.73188 4.83904 3.84962 1.49036 3.16693 4.07041 0.86132 1.07832 3.24209 2.49935 0.05358 3.58005 1.47687 4.33956 1.38791 2.44502 4.74719 4.53299 1.95469 2.61498 4.55641 4.91150 0.38381 2.34101 3.29173 4.83302 1.11158 1.19472 4.70696 4.98358 2.93703 4.19677 0.50582 1.44086 3.89482 4.73138 3.14822 0.16037 1.82852 3.09283 4.69540 3.64388 1.72189 2.18521 3.49131 1.25596 3.03491 4.96558 2.85962 3.99806 2.08026 2.65771 0.40244 3.26029 4.09493 2.86939 4.31093 0.33486 0.72626 4.40108 1.74648 4.17921 1.42293 1.44634 3.49625 0.90153 4.84686 4.83942 1.93826 4.75157 1.19322 4.11893 3.82180 1.53170 0.90219 1.13887 4.44911 1.49737 3.98990 2.29205 1.76945 2.14621 4.32852 0.71312 2.41720 2.15707 
1.86841 1.70641 4.61675 4.97400 1.91933 2.45497 2.74668 1.98199 0.96410 0.54667 4.09981 3.31303 3.85718 1.24350 1.99922 0.24265 4.63854 1.01974 2.02673 1.35900 0.94355 1.27453 4.80504 3.09239 4.34499 4.31923 1.23176 3.05881 3.35542 0.06832 0.94684 4.40978 0.15856 0.05195 4.40804 3.57612 4.21473 2.16786 1.66806 0.33106 1.56066 2.68890 2.37630 3.56894 0.61187 3.93503 2.29478 0.71830 3.58334 3.59176 1.22059 4.21275 4.59944 1.69110 0.06292 1.41268 4.78926 0.27795 2.88767 0.72839 4.24664 3.16117 0.05495 0.87844 1.97088 2.43628 4.49722 1.43138 3.54158 3.59569 0.66145 1.24268 3.76775 2.58356 4.43767 4.59835 1.29288 4.56911 2.36791 3.81221 0.73877 3.10463 0.74962 2.46297 1.49177 2.69877 3.67160 2.18094 2.43875 2.30249 1.13183 1.95136 2.56155 4.30173 1.84496 4.85506 0.21773 4.99997 4.14372 0.34635 0.54341 0.31279 4.07899 3.91752 2.78676 3.18082 2.82415 0.93013 1.54592 3.62384 1.26391 1.62970 0.07503 4.13553 4.99781 3.79649 1.72001 3.37293 2.29414 3.02523 4.54127 2.58603 3.99863 0.44668 3.61216 2.61088 1.32097 4.48929 2.89597 4.30357 4.40390 2.48704 0.99567 2.20370 3.81844 1.03668 0.14144 1.80508 4.64323 4.73193 0.18280 4.79135 4.67676 3.50272 1.94291 2.81618 2.02326 1.28202 4.38086 3.11621 2.79237 1.14340 0.60686 4.32261 0.79214 4.69590 3.87027 2.05927 1.78495 0.20459 4.36137 4.19683 0.35685 3.20205 3.65548 3.27752 0.53906 4.86486 4.20889 3.58310 3.66213 4.00864 1.76746 0.42316 0.24162 3.58256 2.35275 1.45155 0.04147 2.16006 0.58116 1.54327 1.46658 1.28481 1.08712 2.99083 2.55865 4.06213 0.35235 3.40788 0.64381 1.02472 1.08319 0.79871 1.97239 2.75187 3.67496 0.19537 4.94224 2.70282 
2.06319 4.44554 1.30105 2.41010 1.67119 4.92421 4.31963 3.96351 1.61245 0.84641 4.57099 1.28311 2.43949 3.67413 1.05519 1.64665 0.07470 2.02673 3.20553 2.15161 2.97765 3.22322 1.71376 1.17576 3.19534 1.19960 3.34811 1.98618 3.30321 0.63657 2.87645 3.77574 3.00215 1.79848 0.29281 4.61023 2.57876 2.03784 2.05526 4.68354 0.54842 2.09160 2.26195 2.57501 0.62375 3.29204 3.69016 2.45786 0.00927 1.65613 3.66141 3.58743 3.95558 2.29652 4.68414 0.44126 3.61905 3.66429 4.49271 0.81818 4.86685 2.18063 3.63545 3.64733 1.62335 1.24757 1.04983 3.47036 4.37906 4.12158 0.94274 2.68980 3.36476 0.87451 2.81062 3.01373 3.74464 3.61025 0.08591 1.75283 1.69598 0.22050 1.88274 1.06042 3.93951 1.48593 3.78890 1.06326 2.76278 4.00963 2.97075 2.46087 3.76530 1.82597 4.83020 2.31911 1.95399 3.09039 3.59335 1.83243 4.76322 2.82370 4.98268 3.05277 4.47702 4.57084 1.19891 3.39806 0.13094 4.11734 1.93641 2.96313 0.58458 4.18334 0.90271 2.70893 0.22931 4.64303 3.08643 1.83787 0.95212 1.17506 4.80038 4.55211 4.06743 3.97647 1.75206 4.80495 2.08530 0.92767 1.20031 4.10366 4.36273 2.30083 0.73512 1.30226 4.92279 1.19809 4.66106 3.17696 3.38693 4.59222 0.12156 4.33469 1.99241 4.34184 0.42065 0.23799 2.82908 3.35006 0.88410 1.29986 4.57688 0.13171 4.66055 1.71126 3.33401 1.21545 3.15345 1.90703 1.35064 1.81637 0.06020 2.98431 3.20710 0.11935 2.99113 2.48801 3.86022 1.87737 4.26668 0.43351 1.01595 2.18065 4.11913 4.30459 2.03780 3.53744 2.22940 0.74019 3.46461 4.43535 1.33998 1.29395 4.66179 4.44910 1.83107 0.74377 2.96823 4.61898 0.31540 0.06163 0.30745 0.14981 0.88408 0.08732 3.81362 3.64780 3.96236 1.83108 
4.99247 1.23690 2.89987 4.89177 0.82610 2.99887 3.24057 4.26969 3.11700 1.87298 1.50004 2.95172 0.32656 0.33773 1.48315 0.16362 0.02621 1.35900 2.15161 3.86726 1.80832 2.35508 4.95081 1.65573 2.14797 3.97266 2.48947 2.16291 0.50668 3.63099 4.23908 3.37044 3.36762 1.86536 2.83137 4.51929 3.80323 4.74601 4.69352 2.96072 3.07301 2.54086 1.59502 0.42601 4.60424 4.75188 3.53063 4.29661 3.57809 4.52146 3.91041 1.57292 2.43535 4.83270 1.37564 2.95814 3.88572 4.93521 2.33391 4.61360 3.04845 1.34063 4.45542 2.34635 1.02923 3.82800 1.73139 3.98423 3.92602 1.66036 3.24266 3.52911 4.09449 1.57378 2.88948 0.98543 0.65180 0.69806 0.00214 3.99631 2.07573 4.99328 2.88452 1.12056 2.30534 0.83399 4.97967 2.61350 4.67219 2.28882 2.91913 1.37639 3.00767 3.37889 0.29587 1.58351 1.36829 4.05621 1.54819 2.73072 1.49630 4.92996 1.95930 1.15211 3.65633 2.44403 2.95950 0.67657 1.13992 2.53542 3.79737 4.12714 3.05886 2.99672 1.24840 2.96321 4.11679 2.24541 2.51841 0.01949 3.68680 3.83976 2.43169 4.07237 0.57540 1.45231 0.56453 2.76003 2.42967 4.64367 1.28275 0.17098 1.47204 1.40471 2.89268 1.49811 2.51626 3.23802 4.93816 1.41196 2.43707 2.41732 0.32971 0.94562 2.10631 0.83758 4.62550 0.49088 0.46027 0.59285 0.68776 1.09449 3.77850 2.58962 0.79251 2.30824 0.40527 1.32213 4.39702 0.90614 3.26502 3.55506 0.37999 4.43613 4.36409 1.43507 4.01611 1.74838 1.54969 1.29516 2.97366 1.84285 3.64497 3.63811 1.61338 3.93781 3.49441 4.95198 0.09494 1.99001 0.75038 3.79226 4.67825 3.73549 3.48799 2.08214 3.94589 2.98425 2.04644 3.66140 4.91725 3.53887 4.22155 3.53247 3.51098 2.93919 0.95131 3.99185 0.01751 4.81472 
3.62305 4.40964 1.75911 4.19168 1.82553 2.40200 0.66994 3.81395 2.10771 0.53719 1.04979 4.99177 0.87864 1.15870 4.51762 3.24903 0.06932 0.94355 2.97765 1.80832 3.58635 3.33008 2.03594 3.08324 1.37720 0.17184 1.21901 1.52617 1.86287 4.90070 0.55382 0.43484 1.84906 0.26352 4.32695 1.42059 1.82389 1.92578 2.30882 3.05930 2.19282 2.90037 3.61683 3.56620 3.10980 1.80258 2.64043 2.01992 1.93708 0.39930 1.93763 2.95168 4.25091 1.98064 3.13355 4.14088 2.60417 0.44930 1.20192 1.79611 1.00943 4.41425 2.61474 3.61084 4.88030 2.90772 0.36695 2.45590 3.29275 0.99217 0.88034 3.27301 1.24885 1.56012 2.95718 3.46086 4.75031 3.08461 3.87916 3.17181 0.04722 4.18139 3.15595 3.26328 4.30753 1.28170 1.44060 4.55545 3.06452 2.87328 3.50301 0.74193 2.31352 1.98870 0.53840 2.07021 0.73627 0.44760 3.27464 2.36713 0.68310 0.79025 3.51112 0.32479 1.71156 2.57449 4.69427 3.20358 1.39921 3.39911 1.62192 3.35111 2.06935 4.52149 4.22413 2.60434 1.00823 3.56471 4.83394 1.74359 3.74298 0.57214 3.32232 0.53240 0.28875 3.53236 3.70148 2.41941 1.77492 3.63131 2.21450 1.93558 3.10324 1.51623 3.83319 0.01003 0.86909 2.10027 1.42597 4.49587 1.55264 2.17741 2.47021 1.86777 3.33363 0.83526 4.04728 4.37623 0.94523 0.28302 0.34043 0.55115 2.91456 2.89169 1.96528 0.29580 2.76433 4.56315 0.09951 3.43863 2.20885 3.79950 1.58162 3.37873 1.77306 3.27936 0.34979 3.81323 0.31565 0.31575 3.86214 3.74236 4.63017 0.17203 1.44033 1.35858 2.13491 0.95682 4.91274 4.71725 1.90722 4.26308 0.99439 2.51230 1.25516 1.12530 1.66155 1.92452 3.19546 4.45684 3.38506 2.53343 4.68570 1.31558 2.64192 2.17534 1.06974 0.00341 3.18542 1.45824 
3.84575 0.13721 2.26204 0.96817 0.64708 1.31899 4.95430 0.99304 4.16079 0.26458 1.50245 3.87064 4.28190 4.28707 1.54549 2.71806 2.94732 1.27453 3.22322 2.35508 3.33008 4.78281 2.70743 1.31734 1.30267 4.03708 0.66766 2.95661 0.34218 1.59624 0.43825 3.86661 0.58746 1.23942 0.88126 0.60523 2.31577 2.51866 0.98233 4.85658 3.39919 2.60250 0.24600 0.94097 0.01827 0.55991 1.35940 2.76989 2.03508 2.32730 3.50398 4.99601 1.91544 2.78727 4.34511 2.92616 4.51279 1.10556 1.49314 4.12971 4.85623 1.47393 0.46232 2.93787 2.24814 3.20772 0.66659 3.93519 3.97812 2.28027 4.29480 0.47581 2.13234 3.63915 2.46979 0.48880 3.73221 1.35588 4.58410 4.78415 0.51272 2.89011 0.24160 3.53927 0.36607 1.59495 4.64524 2.08126 1.97603 2.41478 0.33401 2.82016 1.67652 2.40381 1.86851 0.71021 2.63564 2.86654 0.82927 4.78727 4.22401 2.24648 2.46239 4.66149 0.83159 4.28949 0.57447 2.73240 1.48653 3.92255 0.13630 3.88053 2.76679 2.92032 3.25059 3.40522 3.62345 4.00159 0.12249 1.59404 1.62342 2.98992 0.84604 2.98702 0.61818 0.08908 2.79237 2.74150 1.12993 3.93075 3.21482 4.50331 0.57347 2.63121 4.13569 3.48218 3.38235 3.69397 0.36477 2.53667 3.84442 1.77936 3.53953 4.66289 0.96284 2.45915 1.74368 4.40678 1.51137 4.42970 2.62968 2.07797 0.04377 2.88007 2.06936 4.82168 3.41885 1.92946 2.41806 3.33088 4.21752 3.15140 1.18424 3.37224 1.63631 0.09854 4.63775 0.11496 3.25011 2.60423 1.00595 1.14144 4.73275 0.15363 1.94099 0.77155 1.82119 1.24209 0.89248 4.13064 1.69942 1.84187 0.58597 1.05460 0.58314 4.61506 3.64352 2.16686 1.70396 3.59179 3.34426 1.13359 0.54903 3.69541 2.91971 2.44843 2.11345 3.77174 4.62388 4.00018 
1.24216 3.15533 1.92448 0.69645 2.42406 3.51988 3.58451 4.03508 3.81478 2.69985 4.55391 1.91192 2.17654 2.03635 2.60400 1.27594 4.55508 4.80504 1.71376 4.95081 2.03594 2.70743 1.90220 0.96689 4.07672 1.91053 2.38576 2.20939 4.22157 4.60942 4.80922 3.76805 4.28363 2.14819 0.49539 1.97061 0.69329 0.28217 2.71388 4.04117 4.32324 4.72074 1.53399 3.02201 0.06330 1.12333 2.89125 0.02913 3.65629 3.28027 0.00532 1.80877 0.47976 4.46897 4.74910 0.13624 2.17286 2.11598 3.12090 3.96754 3.46910 4.66574 3.47818 2.12239 1.55085 3.38669 2.09467 1.36445 2.64112 3.80691 0.17325 2.03577 1.29496 2.52621 2.03375 4.39856 1.05362 0.40240 4.47368 1.80581 4.33922 3.04887 3.52732 1.04409 3.95784 1.34337 2.10530 2.21581 4.56175 3.25736 0.44663 0.41747 4.31499 2.93750 2.44457 4.05380 3.68265 3.16049 3.78670 0.75057 4.29947 4.23704 0.37151 4.60085 2.79419 0.24538 0.60373 4.52720 1.98549 0.35945 2.22972 4.25703 4.20713 2.61690 0.23227 2.19702 3.55197 0.00909 2.66968 4.02884 2.38753 2.41638 2.00227 0.32003 2.63405 4.94852 2.51601 3.80523 3.50593 1.36252 4.61851 0.21380 4.90021 4.73932 2.56956 3.83546 1.52366 3.71913 2.21349 4.17721 2.54000 2.67485 4.43225 2.58796 4.80096 4.98761 0.83993 3.14640 0.11039 3.46098 2.02539 3.21773 0.92714 2.14647 1.82989 2.20203 0.10765 4.86618 1.46165 3.19858 3.84529 3.31584 0.01515 3.69192 3.70668 4.25839 2.32612 2.28709 1.37215 1.31187 0.27702 1.85902 4.34132 1.67377 0.22386 2.87656 2.89867 1.67402 0.27350 2.77166 4.18690 3.82110 3.65932 3.97227 1.39711 1.39770 0.47818 4.04196 1.15012 3.21580 2.92713 0.47334 0.85814 4.78544 4.85730 0.28758 1.67149 3.45862 4.71443 3.18187 
2.74050 2.98028 1.02937 0.30506 0.07460 0.10598 4.88935 0.53472 4.71528 2.02135 4.84768 2.92048 2.72782 1.19931 0.03281 1.72691 4.49986 3.09239 1.17576 1.65573 3.08324 1.31734 0.96689 4.93427 2.54149 1.61017 2.54322 2.50231 0.52687 3.54156 1.97671 4.87579 4.47822 3.40320 2.86035 2.63045 0.82949 0.00108 4.88693 4.81114 4.97672 0.43848 4.14730 4.69848 4.69268 0.99406 4.37919 0.04562 3.65008 2.51580 4.89641 3.58275 3.88875 3.80849 4.03376 4.33084 1.49439 2.97015 3.82100 3.28334 3.79870 3.93599 3.92520 4.99166 0.18088 2.99685 0.58204 1.91282 4.80758 0.98144 1.44689 0.38843 4.04193 4.41266 0.72310 3.36541 3.57181 2.88401 1.02246 2.43923 0.73442 2.34331 0.65168 3.19843 2.86910 0.93883 1.13264 2.83017 2.52573 1.67696 2.00599 0.36440 3.84373 1.78523 0.35266 0.10150 0.64087 2.37752 4.02863 0.69479 1.59424 2.61045 0.64314 1.01286 0.13377 3.91318 2.63206 2.45552 4.21523 2.30708 0.96649 3.46332 2.30119 3.12288 0.68530 3.86913 1.60147 4.21782 2.41125 4.77012 0.74479 2.81697 0.67748 2.23053 3.54999 0.40309 2.39837 3.29431 0.80506 0.28814 3.32108 4.13045 1.95452 3.07493 0.21632 3.24287 0.24021 0.69513 3.84594 1.34488 4.17700 0.95495 4.08588 1.97335 1.70358 4.97371 1.70523 2.14900 4.00169 1.83447 1.19107 1.28083 4.78553 0.52843 4.16512 3.17050 2.93044 2.54196 1.62904 3.95642 2.12829 0.46323 4.78253 2.40982 2.96102 3.85561 0.02965 4.37219 0.39731 3.52026 4.08845 4.72388 2.40591 0.63848 4.67475 1.96985 2.69778 2.21374 1.88935 1.89510 3.75483 1.61882 3.30715 4.30841 4.36229 0.86907 3.47491 0.38879 2.06197 3.79017 2.46138 1.76096 3.90345 3.40758 0.67781 1.03979 3.84792 3.36375 3.07061 4.04129 
