2.79041 0.62003 3.67878 1.32177 0.07528 4.28150 1.22161 1.37925 0.23357 1.41800 3.18366 4.91760 1.54749 2.46314 3.89456 0.10074 1.36719 2.60002 3.03996 2.71671 3.33501 3.67575 1.84522 4.00580 3.15720 4.99262 3.10328 2.76577 2.97558 4.11172 2.55097 1.11220 0.05509 2.80722 1.63837 4.66661 1.83163 4.70475 3.07012 1.37341 4.11813 3.13354 2.79699 2.95025 3.09365 3.60515 1.09054 1.69835 4.39114 4.71615 
0.62003 1.39567 0.03714 4.33481 1.35017 0.29723 3.38185 0.97927 0.84713 3.89079 3.50571 0.78113 2.41251 2.36646 2.17760 4.34333 4.88437 2.71482 0.95051 0.95418 3.06468 2.17692 0.50861 2.48339 1.98838 2.68527 1.92718 1.36827 0.65858 2.89117 0.72880 2.84112 2.15942 3.02737 0.35352 1.51929 3.48636 3.40591 2.92460 1.94788 2.55245 1.66143 2.26437 4.48950 3.36287 2.29534 0.47706 4.07291 1.34905 4.79777 
3.67878 0.03714 3.00234 2.11066 4.94946 4.77905 1.49242 0.38482 1.17362 4.55480 4.76751 1.77737 1.62529 2.43449 4.25318 2.42973 2.15526 0.26990 4.94615 4.68308 2.40455 4.34380 0.04188 3.05040 3.25732 0.40825 2.79178 2.46315 2.99666 3.11563 2.04626 4.22378 0.42331 1.49114 1.84167 0.97264 1.61146 4.75490 4.56711 4.67739 1.42108 3.26346 2.91742 1.20066 1.52239 2.66689 2.41909 0.56091 0.00605 0.39881 
1.32177 4.33481 2.11066 2.68058 3.12904 2.71827 3.17693 1.24002 4.89478 1.17017 0.40129 0.49248 3.67981 4.19762 2.82252 0.40565 0.99583 4.79477 0.00450 1.76189 4.76432 1.58967 1.33253 1.38436 1.58833 1.98367 3.29122 4.05531 1.84600 1.82205 3.64609 0.66052 3.84903 1.71700 3.96119 2.99124 2.35968 2.49781 4.54376 2.80520 1.20609 0.23681 1.65998 3.34369 1.79210 3.49276 0.46454 0.87947 0.31428 1.75229 
0.07528 1.35017 4.94946 3.12904 3.04837 1.83921 3.22159 2.03923 4.86438 3.11815 1.26260 1.63532 2.33952 1.84786 3.63913 0.22339 1.03556 1.76097 0.73561 2.26659 3.36044 1.54069 2.42875 0.39074 4.65065 1.97299 1.54589 2.08759 0.80451 1.11420 3.97227 4.42776 2.42123 1.02802 2.68273 0.21613 2.23338 1.36729 2.46120 2.26796 3.16834 0.31607 1.78098 2.19041 4.55955 0.25682 2.64848 3.25644 3.29034 0.27990 
4.28150 0.29723 4.77905 2.71827 1.83921 1.70370 2.02149 4.19493 1.05481 0.45302 1.19945 0.08358 1.08625 4.75404 1.75410 3.78610 0.38402 2.04213 0.02438 3.62215 4.69327 1.88388 2.16270 0.47345 1.71786 4.26007 1.97993 0.93524 1.98873 0.15081 2.04273 0.90951 4.89656 3.04518 4.21800 0.03427 1.84239 4.58994 3.79608 1.85055 4.83364 4.78411 2.41574 0.93641 2.24128 0.61341 4.65539 1.99612 2.86491 3.38810 
1.22161 3.38185 1.49242 3.17693 3.22159 2.02149 1.81993 1.20727 2.15764 0.02791 0.94375 0.89273 2.12690 3.24477 1.72599 4.70279 1.43762 2.76941 2.22400 4.14067 3.94243 0.09819 3.93970 4.12864 4.79219 2.49422 3.05639 0.84714 0.43808 3.34066 4.21241 0.75546 4.92222 2.23699 2.35378 4.25419 4.52156 4.16145 2.98877 3.12887 3.91616 1.44848 4.00020 4.73658 1.90677 4.49120 3.06147 0.89586 1.32118 2.86015 
1.37925 0.97927 0.38482 1.24002 2.03923 4.19493 1.20727 2.48188 0.91244 1.08993 1.70462 1.88796 4.93220 1.70790 1.78710 3.76873 4.43894 1.05235 3.60044 0.39190 0.80053 4.12379 1.67787 4.58013 2.17516 2.99366 2.26367 3.04581 4.19474 0.56187 2.94646 2.47043 0.78633 1.58403 4.03432 0.91082 4.43324 0.45910 2.38115 4.87757 3.53625 3.06458 0.95518 0.09600 0.25262 3.28261 2.71475 2.39268 1.96880 2.02220 
0.23357 0.84713 1.17362 4.89478 4.86438 1.05481 2.15764 0.91244 1.75279 2.79199 1.12234 1.46226 1.26177 0.02867 1.41496 0.81869 2.61703 1.63209 2.05282 1.28450 2.88120 0.19308 3.77809 0.46311 4.78817 0.63924 0.40073 4.87499 0.90671 2.40288 3.84841 4.18265 2.23479 2.42800 4.48935 2.06664 0.10167 2.51875 1.47639 0.06899 3.51116 1.64846 0.95635 1.77476 3.14223 3.42138 1.29541 1.95553 2.22023 3.88234 
1.41800 3.89079 4.55480 1.17017 3.11815 0.45302 0.02791 1.08993 2.79199 0.61733 3.48248 1.60959 4.60448 4.32533 3.11564 0.37594 2.33146 1.29067 0.57730 3.98128 0.11685 1.71186 0.46265 3.35836 1.67509 0.46787 3.57373 1.65100 2.65048 0.06031 2.67942 4.08573 4.41486 0.93297 2.70679 4.57847 1.34186 0.30789 4.10880 2.48932 4.87461 3.43612 0.98811 0.77270 2.03051 2.84543 2.29574 4.37023 4.77746 2.30793 
3.18366 3.50571 4.76751 0.40129 1.26260 1.19945 0.94375 1.70462 1.12234 3.48248 0.57849 3.44618 1.30193 0.64679 0.78756 1.24173 1.98357 2.46536 2.25036 1.34246 4.63115 4.49403 0.17115 4.81633 0.53923 4.60427 4.78809 1.43594 4.33877 4.99599 4.35404 1.38365 0.66189 4.49965 3.40617 3.93004 4.87305 4.99015 0.78090 2.44351 1.66526 2.24218 3.65254 2.23895 1.13967 3.09020 2.61788 3.60775 4.11502 2.92778 
4.91760 0.78113 1.77737 0.49248 1.63532 0.08358 0.89273 1.88796 1.46226 1.60959 3.44618 4.80848 0.42806 0.21491 4.59587 2.93417 3.96537 4.69795 1.78694 4.49673 2.40948 2.79877 4.71693 0.56363 2.81704 3.38585 3.99118 4.06570 1.04158 3.19093 1.07998 4.63882 4.92863 2.48071 2.40670 2.33066 1.16535 0.40592 2.78437 4.75549 4.22750 1.03852 0.37833 3.42143 3.52532 3.28258 1.85276 1.34792 4.17105 0.98651 
1.54749 2.41251 1.62529 3.67981 2.33952 1.08625 2.12690 4.93220 1.26177 4.60448 1.30193 0.42806 1.22181 2.81153 1.46912 4.08903 4.78206 1.13351 0.85412 2.97246 1.47849 4.08509 4.29735 3.17544 2.04240 0.41986 2.28965 0.61437 1.14353 2.63538 0.14404 1.68559 1.79421 4.65821 4.19671 1.35485 1.01732 1.28317 2.30827 0.20187 0.79795 0.87424 4.06065 0.56741 0.04969 1.75274 1.02863 3.46923 0.47612 0.51068 
2.46314 2.36646 2.43449 4.19762 1.84786 4.75404 3.24477 1.70790 0.02867 4.32533 0.64679 0.21491 2.81153 1.19181 2.90983 4.04698 0.05045 2.79471 0.02033 4.35405 3.77544 1.00262 1.17534 1.39500 3.05285 1.42384 0.60696 4.65354 2.80521 1.74731 3.05278 1.51353 3.03083 4.29603 0.83215 0.64267 4.82606 1.52400 0.27503 2.60362 1.41099 3.33659 1.27311 4.45548 3.02146 2.42592 2.60790 1.87413 2.80729 3.56328 
3.89456 2.17760 4.25318 2.82252 3.63913 1.75410 1.72599 1.78710 1.41496 3.11564 0.78756 4.59587 1.46912 2.90983 2.68641 1.48681 2.00208 2.34673 1.01219 3.84172 0.24342 2.27375 4.59545 2.14027 1.61318 3.09415 0.09733 0.48681 2.53047 4.23907 2.67385 4.66163 2.31190 1.14709 4.67756 1.01758 4.96453 2.59026 3.85955 0.02529 2.50057 4.60297 3.84026 3.74540 4.86545 1.43755 3.06058 4.35778 3.01129 1.60542 
0.10074 4.34333 2.42973 0.40565 0.22339 3.78610 4.70279 3.76873 0.81869 0.37594 1.24173 2.93417 4.08903 4.04698 1.48681 3.44089 3.10699 3.99057 4.64557 1.64699 2.18045 1.40327 1.81683 4.35009 1.18227 0.52619 0.60313 0.66224 4.83246 3.85613 3.30588 4.09594 0.15154 4.18476 0.27200 0.83321 2.79547 0.22097 2.55711 3.76804 0.01158 3.91729 0.27711 2.00951 3.28314 3.22524 0.17782 0.17980 4.52751 3.88802 
1.36719 4.88437 2.15526 0.99583 1.03556 0.38402 1.43762 4.43894 2.61703 2.33146 1.98357 3.96537 4.78206 0.05045 2.00208 3.10699 4.30918 1.62091 0.38132 0.91882 4.27677 0.32158 2.83572 4.65246 4.65082 0.10582 4.22907 2.19503 2.42020 1.07985 4.33294 2.93006 1.20837 1.03461 3.21572 3.62445 1.53225 2.04571 0.48745 4.96925 3.03455 4.82775 3.93599 1.89822 3.10021 2.99160 3.99063 0.26523 1.96048 2.55232 
2.60002 2.71482 0.26990 4.79477 1.76097 2.04213 2.76941 1.05235 1.63209 1.29067 2.46536 4.69795 1.13351 2.79471 2.34673 3.99057 1.62091 2.69315 4.89388 3.56935 0.25564 3.23063 4.30977 4.62080 0.26930 4.66886 0.74861 1.86788 2.84071 3.41462 1.12781 2.85193 4.79988 2.48928 3.35309 2.58927 4.50899 4.79193 3.58657 3.17103 3.58043 4.80804 4.36382 4.47770 2.53241 3.33792 1.85108 3.80198 4.48407 2.70008 
3.03996 0.95051 4.94615 0.00450 0.73561 0.02438 2.22400 3.60044 2.05282 0.57730 2.25036 1.78694 0.85412 0.02033 1.01219 4.64557 0.38132 4.89388 1.17251 4.51128 2.04582 4.94644 2.90358 2.50470 1.10097 2.11391 2.26823 3.05897 2.14176 0.64907 1.74484 0.28565 4.98990 4.36577 1.08137 0.29850 0.94481 2.62960 2.75139 4.91949 3.84044 3.67519 1.70796 3.32608 1.90779 3.83518 2.67590 4.09605 3.31821 1.03979 
2.71671 0.95418 4.68308 1.76189 2.26659 3.62215 4.14067 0.39190 1.28450 3.98128 1.34246 4.49673 2.97246 4.35405 3.84172 1.64699 0.91882 3.56935 4.51128 4.87884 2.16306 2.48383 2.79829 4.94649 0.92166 0.60472 2.32602 0.16002 1.17019 4.14510 4.87917 3.24601 4.45000 4.28907 0.31282 0.64920 0.21722 4.44323 1.51362 0.83406 4.89549 3.32024 0.56706 4.36768 2.32378 2.43585 0.20883 0.71177 2.19087 2.18700 
3.33501 3.06468 2.40455 4.76432 3.36044 4.69327 3.94243 0.80053 2.88120 0.11685 4.63115 2.40948 1.47849 3.77544 0.24342 2.18045 4.27677 0.25564 2.04582 2.16306 4.45217 2.13791 1.38664 3.34003 4.96813 0.52371 2.59053 0.35656 4.27568 4.98401 0.03941 1.71580 4.54529 0.04117 1.09266 1.27359 0.56661 4.99564 3.65244 4.83146 4.43006 3.17782 2.55580 4.89808 4.74042 2.15569 1.97403 4.11736 2.74875 0.75108 
3.67575 2.17692 4.34380 1.58967 1.54069 1.88388 0.09819 4.12379 0.19308 1.71186 4.49403 2.79877 4.08509 1.00262 2.27375 1.40327 0.32158 3.23063 4.94644 2.48383 2.13791 1.51894 2.84345 1.95678 0.84736 4.93824 2.77592 0.32729 4.62189 4.89969 1.66563 3.80493 3.62910 3.72045 1.68308 1.00881 3.42039 2.94095 2.74922 3.56138 1.39342 2.20875 3.68986 4.94369 4.79665 2.00451 1.53882 3.15649 3.21072 2.67714 
1.84522 0.50861 0.04188 1.33253 2.42875 2.16270 3.93970 1.67787 3.77809 0.46265 0.17115 4.71693 4.29735 1.17534 4.59545 1.81683 2.83572 4.30977 2.90358 2.79829 1.38664 2.84345 3.31292 4.97747 4.02335 3.06834 4.57136 0.65931 0.99978 2.59627 4.58868 4.45043 3.82111 2.07461 4.87978 0.04419 3.66384 2.19792 4.55842 3.69203 0.47741 2.59686 4.85864 1.23781 2.48426 4.62138 3.45002 2.24506 1.68650 2.64694 
4.00580 2.48339 3.05040 1.38436 0.39074 0.47345 4.12864 4.58013 0.46311 3.35836 4.81633 0.56363 3.17544 1.39500 2.14027 4.35009 4.65246 4.62080 2.50470 4.94649 3.34003 1.95678 4.97747 0.60927 2.96219 4.37368 2.21295 0.12717 4.38584 2.05042 0.82658 3.11494 3.68691 2.05598 3.82449 2.78775 1.82085 2.85022 2.44301 4.33570 2.08287 0.36289 3.76225 0.21081 4.53450 3.52144 3.65477 0.45830 2.73026 0.61496 
3.15720 1.98838 3.25732 1.58833 4.65065 1.71786 4.79219 2.17516 4.78817 1.67509 0.53923 2.81704 2.04240 3.05285 1.61318 1.18227 4.65082 0.26930 1.10097 0.92166 4.96813 0.84736 4.02335 2.96219 3.37436 3.07481 3.63912 3.24972 1.19109 0.08807 0.47528 0.48952 1.13345 2.99993 3.73501 2.23984 1.69717 2.12791 2.75244 4.86891 1.47026 4.00340 1.72729 3.50547 3.29763 1.45350 3.39400 3.90937 1.54487 1.99896 
4.99262 2.68527 0.40825 1.98367 1.97299 4.26007 2.49422 2.99366 0.63924 0.46787 4.60427 3.38585 0.41986 1.42384 3.09415 0.52619 0.10582 4.66886 2.11391 0.60472 0.52371 4.93824 3.06834 4.37368 3.07481 4.26578 2.47721 2.54178 0.26481 3.93304 2.97427 3.60393 2.82052 1.97515 3.33286 2.49678 4.17009 4.17341 0.13496 3.56555 3.00455 0.42490 2.71655 2.38877 4.64219 2.84759 0.65846 3.99798 0.22741 0.35210 
3.10328 1.92718 2.79178 3.29122 1.54589 1.97993 3.05639 2.26367 0.40073 3.57373 4.78809 3.99118 2.28965 0.60696 0.09733 0.60313 4.22907 0.74861 2.26823 2.32602 2.59053 2.77592 4.57136 2.21295 3.63912 2.47721 3.43237 0.85679 3.47596 1.51275 4.27291 1.71357 1.86057 2.99455 2.77331 3.58077 0.27090 0.44544 0.03052 1.78697 0.58099 0.51811 2.37764 1.77250 0.76533 4.18702 0.27195 0.92400 0.35310 1.42904 
2.76577 1.36827 2.46315 4.05531 2.08759 0.93524 0.84714 3.04581 4.87499 1.65100 1.43594 4.06570 0.61437 4.65354 0.48681 0.66224 2.19503 1.86788 3.05897 0.16002 0.35656 0.32729 0.65931 0.12717 3.24972 2.54178 0.85679 3.89286 0.77708 2.05610 1.56493 4.53698 3.75765 4.38567 1.55078 2.27090 2.82246 0.35215 0.46879 1.26352 0.82800 3.85862 2.61420 1.21880 4.77605 2.93080 1.39576 4.77012 1.71474 2.31380 
2.97558 0.65858 2.99666 1.84600 0.80451 1.98873 0.43808 4.19474 0.90671 2.65048 4.33877 1.04158 1.14353 2.80521 2.53047 4.83246 2.42020 2.84071 2.14176 1.17019 4.27568 4.62189 0.99978 4.38584 1.19109 0.26481 3.47596 0.77708 2.76147 3.18533 0.61986 3.39242 0.79627 2.32692 1.03442 0.60873 1.29582 4.27675 4.23929 3.14201 0.54892 1.08563 3.78865 1.24296 3.82296 2.66392 1.03607 2.26568 3.47262 2.26124 
4.11172 2.89117 3.11563 1.82205 1.11420 0.15081 3.34066 0.56187 2.40288 0.06031 4.99599 3.19093 2.63538 1.74731 4.23907 3.85613 1.07985 3.41462 0.64907 4.14510 4.98401 4.89969 2.59627 2.05042 0.08807 3.93304 1.51275 2.05610 3.18533 4.85530 3.68469 3.52472 2.36811 1.82171 4.61531 1.64423 0.23668 0.25164 4.04850 4.68134 2.79427 4.42569 4.96661 4.43175 2.19583 0.16662 3.10500 0.71615 3.01834 2.46130 
2.55097 0.72880 2.04626 3.64609 3.97227 2.04273 4.21241 2.94646 3.84841 2.67942 4.35404 1.07998 0.14404 3.05278 2.67385 3.30588 4.33294 1.12781 1.74484 4.87917 0.03941 1.66563 4.58868 0.82658 0.47528 2.97427 4.27291 1.56493 0.61986 3.68469 0.57367 1.57571 4.48145 0.65862 1.13956 0.97482 3.62894 1.73200 0.30749 3.35578 0.12158 2.34593 1.61935 3.17114 2.87422 2.83257 1.83626 4.86482 2.87110 0.37923 
1.11220 2.84112 4.22378 0.66052 4.42776 0.90951 0.75546 2.47043 4.18265 4.08573 1.38365 4.63882 1.68559 1.51353 4.66163 4.09594 2.93006 2.85193 0.28565 3.24601 1.71580 3.80493 4.45043 3.11494 0.48952 3.60393 1.71357 4.53698 3.39242 3.52472 1.57571 2.97679 1.93208 2.97082 3.60184 0.98227 4.67918 1.67495 0.47793 4.07225 3.15752 1.69477 2.21749 2.47296 4.76194 0.67529 0.83747 4.06011 3.97285 3.79312 
0.05509 2.15942 0.42331 3.84903 2.42123 4.89656 4.92222 0.78633 2.23479 4.41486 0.66189 4.92863 1.79421 3.03083 2.31190 0.15154 1.20837 4.79988 4.98990 4.45000 4.54529 3.62910 3.82111 3.68691 1.13345 2.82052 1.86057 3.75765 0.79627 2.36811 4.48145 1.93208 0.88863 2.79310 3.26499 3.75670 4.26967 1.44951 3.89821 1.33014 1.29788 3.74057 0.00597 4.15226 4.02532 0.12485 4.48329 1.81346 1.17260 4.58998 
2.80722 3.02737 1.49114 1.71700 1.02802 3.04518 2.23699 1.58403 2.42800 0.93297 4.49965 2.48071 4.65821 4.29603 1.14709 4.18476 1.03461 2.48928 4.36577 4.28907 0.04117 3.72045 2.07461 2.05598 2.99993 1.97515 2.99455 4.38567 2.32692 1.82171 0.65862 2.97082 2.79310 0.78797 3.81752 0.36673 1.97101 2.06446 2.83327 1.62321 1.47620 1.40244 4.12044 3.10669 1.53435 1.48903 1.99157 2.17711 4.72447 0.11015 
1.63837 0.35352 1.84167 3.96119 2.68273 4.21800 2.35378 4.03432 4.48935 2.70679 3.40617 2.40670 4.19671 0.83215 4.67756 0.27200 3.21572 3.35309 1.08137 0.31282 1.09266 1.68308 4.87978 3.82449 3.73501 3.33286 2.77331 1.55078 1.03442 4.61531 1.13956 3.60184 3.26499 3.81752 3.89242 3.01166 2.84286 2.62165 1.09861 4.75757 3.37387 3.63019 3.03868 2.17830 2.10761 1.19821 3.97025 4.20980 1.06809 1.18369 
4.66661 1.51929 0.97264 2.99124 0.21613 0.03427 4.25419 0.91082 2.06664 4.57847 3.93004 2.33066 1.35485 0.64267 1.01758 0.83321 3.62445 2.58927 0.29850 0.64920 1.27359 1.00881 0.04419 2.78775 2.23984 2.49678 3.58077 2.27090 0.60873 1.64423 0.97482 0.98227 3.75670 0.36673 3.01166 4.71607 0.23622 2.53243 1.12544 2.67257 1.35991 3.82001 3.93676 1.55211 4.50363 3.86994 1.63750 2.72894 0.00780 2.89632 
1.83163 3.48636 1.61146 2.35968 2.23338 1.84239 4.52156 4.43324 0.10167 1.34186 4.87305 1.16535 1.01732 4.82606 4.96453 2.79547 1.53225 4.50899 0.94481 0.21722 0.56661 3.42039 3.66384 1.82085 1.69717 4.17009 0.27090 2.82246 1.29582 0.23668 3.62894 4.67918 4.26967 1.97101 2.84286 0.23622 3.26631 1.50097 3.02877 4.67933 4.81570 3.63017 1.70123 0.21356 0.63265 1.71074 4.78656 4.46512 1.85352 1.96957 
4.70475 3.40591 4.75490 2.49781 1.36729 4.58994 4.16145 0.45910 2.51875 0.30789 4.99015 0.40592 1.28317 1.52400 2.59026 0.22097 2.04571 4.79193 2.62960 4.44323 4.99564 2.94095 2.19792 2.85022 2.12791 4.17341 0.44544 0.35215 4.27675 0.25164 1.73200 1.67495 1.44951 2.06446 2.62165 2.53243 1.50097 1.61554 4.18886 4.48449 4.21061 1.16822 1.00577 0.10614 0.66252 0.37290 0.94667 0.54470 0.31763 2.30103 
3.07012 2.92460 4.56711 4.54376 2.46120 3.79608 2.98877 2.38115 1.47639 4.10880 0.78090 2.78437 2.30827 0.27503 3.85955 2.55711 0.48745 3.58657 2.75139 1.51362 3.65244 2.74922 4.55842 2.44301 2.75244 0.13496 0.03052 0.46879 4.23929 4.04850 0.30749 0.47793 3.89821 2.83327 1.09861 1.12544 3.02877 4.18886 0.21731 2.40248 4.00424 0.17435 4.14704 1.02947 1.40956 0.66598 1.83954 0.31708 4.76944 4.18972 
1.37341 1.94788 4.67739 2.80520 2.26796 1.85055 3.12887 4.87757 0.06899 2.48932 2.44351 4.75549 0.20187 2.60362 0.02529 3.76804 4.96925 3.17103 4.91949 0.83406 4.83146 3.56138 3.69203 4.33570 4.86891 3.56555 1.78697 1.26352 3.14201 4.68134 3.35578 4.07225 1.33014 1.62321 4.75757 2.67257 4.67933 4.48449 2.40248 1.47147 0.83858 2.11391 2.94309 4.08087 4.10055 1.16407 0.75261 1.97909 4.52136 3.02257 
4.11813 2.55245 1.42108 1.20609 3.16834 4.83364 3.91616 3.53625 3.51116 4.87461 1.66526 4.22750 0.79795 1.41099 2.50057 0.01158 3.03455 3.58043 3.84044 4.89549 4.43006 1.39342 0.47741 2.08287 1.47026 3.00455 0.58099 0.82800 0.54892 2.79427 0.12158 3.15752 1.29788 1.47620 3.37387 1.35991 4.81570 4.21061 4.00424 0.83858 4.00722 4.11285 3.74914 3.20207 3.54184 1.12905 1.87070 3.75749 4.52176 3.96655 
3.13354 1.66143 3.26346 0.23681 0.31607 4.78411 1.44848 3.06458 1.64846 3.43612 2.24218 1.03852 0.87424 3.33659 4.60297 3.91729 4.82775 4.80804 3.67519 3.32024 3.17782 2.20875 2.59686 0.36289 4.00340 0.42490 0.51811 3.85862 1.08563 4.42569 2.34593 1.69477 3.74057 1.40244 3.63019 3.82001 3.63017 1.16822 0.17435 2.11391 4.11285 3.25776 4.99903 0.59539 4.25409 2.32637 3.58471 0.63300 2.95035 3.44543 
2.79699 2.26437 2.91742 1.65998 1.78098 2.41574 4.00020 0.95518 0.95635 0.98811 3.65254 0.37833 4.06065 1.27311 3.84026 0.27711 3.93599 4.36382 1.70796 0.56706 2.55580 3.68986 4.85864 3.76225 1.72729 2.71655 2.37764 2.61420 3.78865 4.96661 1.61935 2.21749 0.00597 4.12044 3.03868 3.93676 1.70123 1.00577 4.14704 2.94309 3.74914 4.99903 1.54970 3.69942 4.66605 3.97962 0.80259 0.85524 3.18220 2.86793 
2.95025 4.48950 1.20066 3.34369 2.19041 0.93641 4.73658 0.09600 1.77476 0.77270 2.23895 3.42143 0.56741 4.45548 3.74540 2.00951 1.89822 4.47770 3.32608 4.36768 4.89808 4.94369 1.23781 0.21081 3.50547 2.38877 1.77250 1.21880 1.24296 4.43175 3.17114 2.47296 4.15226 3.10669 2.17830 1.55211 0.21356 0.10614 1.02947 4.08087 3.20207 0.59539 3.69942 0.78799 0.42252 4.37534 1.86238 3.81452 1.35453 4.20962 
3.09365 3.36287 1.52239 1.79210 4.55955 2.24128 1.90677 0.25262 3.14223 2.03051 1.13967 3.52532 0.04969 3.02146 4.86545 3.28314 3.10021 2.53241 1.90779 2.32378 4.74042 4.79665 2.48426 4.53450 3.29763 4.64219 0.76533 4.77605 3.82296 2.19583 2.87422 4.76194 4.02532 1.53435 2.10761 4.50363 0.63265 0.66252 1.40956 4.10055 3.54184 4.25409 4.66605 0.42252 1.23999 4.11551 3.82380 3.61503 2.37713 1.13711 
3.60515 2.29534 2.66689 3.49276 0.25682 0.61341 4.49120 3.28261 3.42138 2.84543 3.09020 3.28258 1.75274 2.42592 1.43755 3.22524 2.99160 3.33792 3.83518 2.43585 2.15569 2.00451 4.62138 3.52144 1.45350 2.84759 4.18702 2.93080 2.66392 0.16662 2.83257 0.67529 0.12485 1.48903 1.19821 3.86994 1.71074 0.37290 0.66598 1.16407 1.12905 2.32637 3.97962 4.37534 4.11551 1.48860 0.97633 0.47748 1.12881 4.65394 
1.09054 0.47706 2.41909 0.46454 2.64848 4.65539 3.06147 2.71475 1.29541 2.29574 2.61788 1.85276 1.02863 2.60790 3.06058 0.17782 3.99063 1.85108 2.67590 0.20883 1.97403 1.53882 3.45002 3.65477 3.39400 0.65846 0.27195 1.39576 1.03607 3.10500 1.83626 0.83747 4.48329 1.99157 3.97025 1.63750 4.78656 0.94667 1.83954 0.75261 1.87070 3.58471 0.80259 1.86238 3.82380 0.97633 4.97396 1.17809 4.59233 1.64102 
1.69835 4.07291 0.56091 0.87947 3.25644 1.99612 0.89586 2.39268 1.95553 4.37023 3.60775 1.34792 3.46923 1.87413 4.35778 0.17980 0.26523 3.80198 4.09605 0.71177 4.11736 3.15649 2.24506 0.45830 3.90937 3.99798 0.92400 4.77012 2.26568 0.71615 4.86482 4.06011 1.81346 2.17711 4.20980 2.72894 4.46512 0.54470 0.31708 1.97909 3.75749 0.63300 0.85524 3.81452 3.61503 0.47748 1.17809 1.58738 4.94006 1.97577 
4.39114 1.34905 0.00605 0.31428 3.29034 2.86491 1.32118 1.96880 2.22023 4.77746 4.11502 4.17105 0.47612 2.80729 3.01129 4.52751 1.96048 4.48407 3.31821 2.19087 2.74875 3.21072 1.68650 2.73026 1.54487 0.22741 0.35310 1.71474 3.47262 3.01834 2.87110 3.97285 1.17260 4.72447 1.06809 0.00780 1.85352 0.31763 4.76944 4.52136 4.52176 2.95035 3.18220 1.35453 2.37713 1.12881 4.59233 4.94006 2.68921 3.96405 
4.71615 4.79777 0.39881 1.75229 0.27990 3.38810 2.86015 2.02220 3.88234 2.30793 2.92778 0.98651 0.51068 3.56328 1.60542 3.88802 2.55232 2.70008 1.03979 2.18700 0.75108 2.67714 2.64694 0.61496 1.99896 0.35210 1.42904 2.31380 2.26124 2.46130 0.37923 3.79312 4.58998 0.11015 1.18369 2.89632 1.96957 2.30103 4.18972 3.02257 3.96655 3.44543 2.86793 4.20962 1.13711 4.65394 1.64102 1.97577 3.96405 0.54911 
1.99004 1.60481 2.29184 3.26738 2.52245 0.38353 1.91947 0.53655 3.86127 2.96176 0.48873 1.64823 1.73284 3.87324 0.98386 1.60541 2.96875 4.34723 1.08889 4.20420 1.90851 2.80090 4.98536 4.91453 2.51771 0.51698 1.63097 0.44018 0.96161 4.57999 4.21076 2.77379 4.03753 4.14660 2.99322 1.95703 0.19806 2.52135 0.15741 0.18437 4.65044 4.50458 2.45723 4.69272 3.84440 4.36313 1.54281 0.60073 2.35173 4.15854 
1.60481 2.82167 4.49985 1.87582 2.24577 3.38309 2.85319 4.73095 3.54758 1.46331 0.78129 2.30969 2.81522 1.44812 4.46316 1.66569 1.93028 1.50915 1.46557 4.62187 2.39206 3.68357 0.84570 4.65357 3.30120 3.83136 3.81902 0.96718 2.30562 0.25329 4.31333 4.61312 2.35766 3.40584 4.46402 1.44177 3.55969 4.70056 1.36984 1.18020 3.49442 1.68559 3.50108 3.71128 2.96951 0.35235 1.51456 4.75469 0.10528 3.03154 
2.29184 4.49985 1.81673 0.94746 4.79036 3.49815 0.66511 2.81041 2.17895 2.91654 2.50046 0.16493 2.64352 3.06340 2.35070 4.27165 2.29062 3.57223 1.79059 0.73061 1.23819 0.46725 0.02806 0.08084 3.61121 3.98374 2.12250 0.03028 0.98635 3.10527 4.22878 4.43440 3.48299 0.65405 4.66238 0.01971 1.11266 0.43024 3.75939 4.54770 2.44337 3.35729 1.17492 4.66253 3.27234 2.91710 0.84433 2.22495 1.31790 1.17986 
3.26738 1.87582 0.94746 0.19618 4.06228 3.00759 1.29360 0.92744 2.95635 3.14888 3.50816 0.26058 1.43340 0.59666 1.29338 3.82892 2.74212 2.27789 3.26349 3.36575 3.92369 0.97950 2.84608 4.09223 4.35194 4.85862 0.60769 4.94999 2.70059 4.48015 2.05716 4.64958 3.26851 3.44033 4.54685 2.40379 1.64389 0.98848 4.55005 4.38493 4.13484 3.03320 2.34615 2.54046 2.44972 0.11213 4.74404 1.77936 1.12795 2.24320 
2.52245 2.24577 4.79036 4.06228 2.43512 4.51035 1.94362 3.56506 2.42380 3.58712 0.31489 0.64734 0.53079 3.35907 4.92505 3.71953 0.51961 4.40886 3.71251 2.56948 1.03509 0.80208 2.92128 3.81620 1.36235 0.10436 3.46837 2.81201 1.37329 3.81639 0.81546 0.80059 2.80308 0.21804 0.30790 1.70103 0.83184 3.33469 4.43209 1.13372 0.49445 1.97865 3.15158 0.01016 2.62693 4.66808 2.81207 3.21138 3.31955 0.97799 
0.38353 3.38309 3.49815 3.00759 4.51035 1.59616 3.94264 3.38894 3.28047 4.09078 2.21846 0.42344 1.33435 4.77487 1.37187 2.98364 4.19133 3.60389 4.34347 0.55386 1.00206 3.96457 2.96714 4.60729 0.59281 2.08935 2.28355 2.44957 0.90196 2.19115 0.66458 0.39091 2.23311 0.62798 2.88097 3.82838 4.71597 1.99973 1.18228 1.32777 1.74008 2.27114 0.54984 1.12160 4.51446 2.50269 3.92432 2.19896 2.33747 3.14040 
1.91947 2.85319 0.66511 1.29360 1.94362 3.94264 1.87527 2.47768 0.86647 3.79555 0.67016 2.31288 3.34052 3.15283 2.39699 2.71505 4.72056 0.84018 3.90357 1.29812 0.40870 3.42447 1.12580 0.84245 2.13790 4.95430 1.50005 0.89245 0.78041 3.83556 1.78343 3.48508 1.90959 4.11788 2.76167 3.65674 4.61748 0.20272 2.10499 1.05561 0.19644 3.40940 4.46534 2.80871 2.14750 0.99675 3.79840 2.79143 0.59237 4.01883 
0.53655 4.73095 2.81041 0.92744 3.56506 3.38894 2.47768 0.67351 3.91960 2.50706 3.56885 0.91573 1.84305 2.43130 3.44905 1.54535 4.04570 4.06172 4.40391 3.45947 2.44313 4.73273 0.71405 4.28224 1.97720 2.50648 2.00630 1.01973 2.81176 2.91265 3.56939 3.64292 4.67837 2.23515 4.64192 3.11875 4.86070 0.27411 0.06951 0.17183 4.66589 3.30789 3.30955 3.72491 4.94794 1.33562 4.03632 1.39838 1.02635 0.84337 
3.86127 3.54758 2.17895 2.95635 2.42380 3.28047 0.86647 3.91960 2.99513 2.09103 3.90340 4.25591 3.34494 4.78526 3.00914 0.81491 2.47487 0.67019 4.29788 4.96998 1.28477 1.13090 4.64770 1.04019 4.67573 3.36730 3.45932 1.16391 4.63826 3.46407 1.65994 3.61919 0.87670 3.79591 2.05410 4.88508 2.53426 4.20775 2.95760 0.19776 2.83975 3.52669 0.14577 3.40951 2.57962 2.53517 3.45475 4.21209 2.29613 4.53825 
2.96176 1.46331 2.91654 3.14888 3.58712 4.09078 3.79555 2.50706 2.09103 0.51948 3.96947 0.24985 4.39247 2.50741 4.70411 2.08218 3.21033 2.71784 4.08221 4.02883 4.62051 3.23880 4.38863 2.61794 0.23580 0.67209 0.51480 2.32715 3.97262 2.20900 0.40018 1.35254 1.77028 2.03261 1.36981 3.78034 3.59557 1.37329 4.55059 1.26255 1.98665 3.30325 2.38357 0.13057 0.71787 0.03964 0.98833 2.48224 0.95686 1.66679 
0.48873 0.78129 2.50046 3.50816 0.31489 2.21846 0.67016 3.56885 3.90340 3.96947 0.29101 0.52932 1.87233 3.58427 2.86592 3.66931 4.44429 1.95164 3.03016 2.76339 3.96934 3.01257 0.99437 1.76541 3.75764 0.53538 3.63479 0.60308 3.93258 0.06370 1.49141 0.39747 4.29055 2.10594 1.89471 2.19887 4.41081 1.44840 1.11518 3.28420 0.75144 0.10904 0.25127 2.21154 1.28729 2.98249 3.31575 4.66138 0.37388 2.39877 
1.64823 2.30969 0.16493 0.26058 0.64734 0.42344 2.31288 0.91573 4.25591 0.24985 0.52932 2.93948 0.15111 3.32269 4.83259 0.03388 3.92038 2.59044 0.07775 0.08830 4.22070 0.28786 2.82609 3.92986 1.36617 4.75127 4.76461 1.34705 3.81461 3.36950 2.79392 3.03467 1.24427 3.47397 2.55856 1.61873 4.70304 0.46499 0.21235 4.78169 1.96044 0.12207 1.78423 4.65000 3.85150 4.22160 0.98948 3.99924 1.72273 1.72697 
1.73284 2.81522 2.64352 1.43340 0.53079 1.33435 3.34052 1.84305 3.34494 4.39247 1.87233 0.15111 1.19495 3.55242 0.76877 2.32105 1.10218 4.72235 0.67225 0.39197 0.68837 0.81161 4.25522 2.56207 2.93093 3.61700 2.93732 4.84656 2.74555 3.97794 2.43174 4.75157 4.56289 3.40077 3.94494 2.35555 4.74340 2.02706 4.96974 2.27936 0.03752 2.89086 4.75433 2.63002 0.00974 1.32816 4.51407 3.52181 3.49458 1.21381 
3.87324 1.44812 3.06340 0.59666 3.35907 4.77487 3.15283 2.43130 4.78526 2.50741 3.58427 3.32269 3.55242 1.13909 2.73541 3.99141 4.26465 4.39297 1.89664 3.45081 2.27090 0.63778 3.24734 1.18804 2.81454 1.84324 3.47403 4.97954 1.76886 0.81703 1.06651 3.56761 3.81667 0.14359 2.53848 2.39641 2.99774 1.54709 3.37176 2.02460 2.22440 4.24572 3.39137 3.16503 4.06602 3.17646 0.16370 4.06752 3.37932 2.71988 
0.98386 4.46316 2.35070 1.29338 4.92505 1.37187 2.39699 3.44905 3.00914 4.70411 2.86592 4.83259 0.76877 2.73541 0.98586 0.12769 3.48772 1.11064 4.73144 3.32982 0.22591 4.09083 3.69402 3.83933 2.85684 0.44927 2.16089 4.68677 1.43130 2.92969 3.61998 4.73686 4.84197 2.01661 0.69567 2.73043 1.57516 0.38900 3.39358 1.11154 1.88666 3.33234 4.36011 1.10599 4.93059 0.22035 3.30600 3.36840 0.81129 4.81271 
1.60541 1.66569 4.27165 3.82892 3.71953 2.98364 2.71505 1.54535 0.81491 2.08218 3.66931 0.03388 2.32105 3.99141 0.12769 2.75886 0.74487 4.87002 4.69808 3.98122 2.85495 0.97757 2.76647 0.37870 1.34355 1.59891 0.28744 2.51721 4.62001 3.79900 1.55592 3.03549 2.53163 1.74511 0.34180 4.17558 2.82442 4.15911 2.62987 3.33293 4.04889 4.31346 1.59136 2.25057 0.16639 4.73362 3.00394 0.12950 2.90808 3.65263 
2.96875 1.93028 2.29062 2.74212 0.51961 4.19133 4.72056 4.04570 2.47487 3.21033 4.44429 3.92038 1.10218 4.26465 3.48772 0.74487 2.69415 0.70617 3.60774 2.30358 0.16277 4.04638 4.95883 1.37537 1.66057 2.53432 2.89075 0.89367 4.28946 1.99119 3.48759 0.62338 4.53371 1.55789 0.82121 4.97314 2.18939 3.52128 3.48982 2.67450 0.31041 1.57849 0.05950 2.01631 0.26895 0.62510 2.03248 2.65269 1.72170 4.35272 
4.34723 1.50915 3.57223 2.27789 4.40886 3.60389 0.84018 4.06172 0.67019 2.71784 1.95164 2.59044 4.72235 4.39297 1.11064 4.87002 0.70617 0.20960 2.43563 1.45377 0.16118 2.68862 3.02006 3.15641 1.86910 1.32499 1.27209 2.98713 4.76198 0.37057 0.60562 0.70781 3.79409 0.56056 0.05625 3.63578 3.48308 2.01402 0.15659 0.05105 2.75674 2.59168 3.93777 4.94870 2.85831 3.47283 4.78610 0.61754 3.34994 1.59379 
1.08889 1.46557 1.79059 3.26349 3.71251 4.34347 3.90357 4.40391 4.29788 4.08221 3.03016 0.07775 0.67225 1.89664 4.73144 4.69808 3.60774 2.43563 3.52198 1.86388 2.30757 3.67244 1.23482 4.32275 0.34045 3.03079 2.84919 3.13860 0.03640 3.54000 0.56441 3.92511 2.60006 2.23495 4.60590 1.79081 1.66491 4.47987 2.75700 4.94613 1.69757 3.77857 0.96626 4.98232 3.82873 4.19560 1.70771 0.96581 2.92363 0.93462 
4.20420 4.62187 0.73061 3.36575 2.56948 0.55386 1.29812 3.45947 4.96998 4.02883 2.76339 0.08830 0.39197 3.45081 3.32982 3.98122 2.30358 1.45377 1.86388 3.42843 1.54882 3.90568 1.47296 0.26613 0.02238 1.76037 3.10345 2.63215 3.68763 4.83934 1.13319 3.30789 4.79160 0.45268 0.94237 4.42243 2.15074 0.75401 0.74182 0.29873 1.19862 2.39028 4.07705 1.35863 1.65908 4.68601 1.81540 2.45159 4.12397 1.46727 
1.90851 2.39206 1.23819 3.92369 1.03509 1.00206 0.40870 2.44313 1.28477 4.62051 3.96934 4.22070 0.68837 2.27090 0.22591 2.85495 0.16277 0.16118 2.30757 1.54882 4.69609 4.45926 0.15327 4.29180 0.20721 3.37061 4.90528 4.45046 2.03446 3.21959 1.92673 4.83616 3.07245 1.02666 3.40798 1.65812 2.73687 2.84285 0.64903 1.11224 3.31478 3.01516 2.54019 4.92749 0.35863 1.18492 3.78054 1.19998 1.69780 1.30966 
2.80090 3.68357 0.46725 0.97950 0.80208 3.96457 3.42447 4.73273 1.13090 3.23880 3.01257 0.28786 0.81161 0.63778 4.09083 0.97757 4.04638 2.68862 3.67244 3.90568 4.45926 0.22129 1.93259 3.80938 4.12877 4.90364 0.13083 1.86907 2.14377 2.97851 2.40298 4.37436 1.97650 0.05178 0.59388 4.38859 1.22905 1.54211 4.68963 4.05807 0.97534 3.20425 0.79215 2.47981 4.24789 2.03733 0.42591 4.38678 3.27869 4.73285 
4.98536 0.84570 0.02806 2.84608 2.92128 2.96714 1.12580 0.71405 4.64770 4.38863 0.99437 2.82609 4.25522 3.24734 3.69402 2.76647 4.95883 3.02006 1.23482 1.47296 0.15327 1.93259 1.43778 4.62852 2.44845 1.63012 0.73964 4.47931 0.48379 4.73607 4.66087 2.34326 3.21210 4.77369 4.58639 0.14956 0.38498 0.87699 2.29926 0.36083 0.66456 0.52401 3.29487 2.03952 3.73457 2.55309 4.63498 1.33128 1.75801 2.74525 
4.91453 4.65357 0.08084 4.09223 3.81620 4.60729 0.84245 4.28224 1.04019 2.61794 1.76541 3.92986 2.56207 1.18804 3.83933 0.37870 1.37537 3.15641 4.32275 0.26613 4.29180 3.80938 4.62852 0.34171 0.29816 2.61316 4.96921 3.14807 2.54907 3.76430 3.40977 1.70633 1.11964 4.47680 2.95954 2.26978 3.61064 4.78831 4.61217 4.89546 1.53297 1.07078 0.20988 0.43410 0.97318 4.73567 2.36356 3.87276 3.19595 4.17780 
2.51771 3.30120 3.61121 4.35194 1.36235 0.59281 2.13790 1.97720 4.67573 0.23580 3.75764 1.36617 2.93093 2.81454 2.85684 1.34355 1.66057 1.86910 0.34045 0.02238 0.20721 4.12877 2.44845 0.29816 4.86854 4.95077 3.26544 0.15052 4.70936 2.68039 3.58778 0.60312 2.40243 3.35225 4.85879 2.47679 3.22301 2.49765 3.91736 1.88995 0.95412 0.90375 4.64502 0.59006 0.46787 0.24595 2.26862 0.00558 3.38646 4.90739 
0.51698 3.83136 3.98374 4.85862 0.10436 2.08935 4.95430 2.50648 3.36730 0.67209 0.53538 4.75127 3.61700 1.84324 0.44927 1.59891 2.53432 1.32499 3.03079 1.76037 3.37061 4.90364 1.63012 2.61316 4.95077 2.18712 4.89786 1.59092 1.61992 2.98954 3.64171 3.66330 1.28047 4.41037 1.91209 0.81439 2.60116 4.09803 0.83260 3.20777 2.64268 2.78330 4.96035 3.22529 1.09423 3.52577 2.30985 0.40441 4.80798 3.50129 
1.63097 3.81902 2.12250 0.60769 3.46837 2.28355 1.50005 2.00630 3.45932 0.51480 3.63479 4.76461 2.93732 3.47403 2.16089 0.28744 2.89075 1.27209 2.84919 3.10345 4.90528 0.13083 0.73964 4.96921 3.26544 4.89786 3.62174 3.92774 4.31370 2.35016 1.38508 3.46663 0.14462 1.53076 1.54800 0.31949 2.94651 3.77494 0.18010 3.47823 1.74011 3.49736 4.56210 3.98124 4.91588 0.51161 3.70838 0.53580 1.68799 4.30929 
0.44018 0.96718 0.03028 4.94999 2.81201 2.44957 0.89245 1.01973 1.16391 2.32715 0.60308 1.34705 4.84656 4.97954 4.68677 2.51721 0.89367 2.98713 3.13860 2.63215 4.45046 1.86907 4.47931 3.14807 0.15052 1.59092 3.92774 3.31432 1.42657 4.78061 0.38659 2.65303 1.56815 0.09929 3.09501 2.31971 2.74991 4.41840 0.45327 2.68289 3.58961 3.63407 0.50442 4.90090 4.03159 1.66179 3.62334 2.80230 0.85604 3.44694 
0.96161 2.30562 0.98635 2.70059 1.37329 0.90196 0.78041 2.81176 4.63826 3.97262 3.93258 3.81461 2.74555 1.76886 1.43130 4.62001 4.28946 4.76198 0.03640 3.68763 2.03446 2.14377 0.48379 2.54907 4.70936 1.61992 4.31370 1.42657 1.67367 1.41692 3.21140 0.98255 3.84841 2.53922 3.63552 2.44537 2.18586 1.17118 0.02584 4.15291 1.18086 2.74235 0.07992 0.67084 3.17339 1.56072 3.51948 4.05177 1.62194 2.38011 
4.57999 0.25329 3.10527 4.48015 3.81639 2.19115 3.83556 2.91265 3.46407 2.20900 0.06370 3.36950 3.97794 0.81703 2.92969 3.79900 1.99119 0.37057 3.54000 4.83934 3.21959 2.97851 4.73607 3.76430 2.68039 2.98954 2.35016 4.78061 1.41692 0.98964 0.43012 1.30255 1.35425 0.58685 1.42901 3.52534 4.01241 0.10011 4.52765 4.75673 3.46756 0.97911 2.49325 2.46628 3.54089 4.88754 1.57992 2.49208 1.24307 3.21826 
4.21076 4.31333 4.22878 2.05716 0.81546 0.66458 1.78343 3.56939 1.65994 0.40018 1.49141 2.79392 2.43174 1.06651 3.61998 1.55592 3.48759 0.60562 0.56441 1.13319 1.92673 2.40298 4.66087 3.40977 3.58778 3.64171 1.38508 0.38659 3.21140 0.43012 4.64611 4.90888 0.43406 4.79007 1.92887 0.97764 1.03368 1.90195 3.55036 2.70872 2.87082 0.17177 1.11363 0.35207 2.84180 4.95313 1.98999 0.47277 3.14924 1.31845 
2.77379 4.61312 4.43440 4.64958 0.80059 0.39091 3.48508 3.64292 3.61919 1.35254 0.39747 3.03467 4.75157 3.56761 4.73686 3.03549 0.62338 0.70781 3.92511 3.30789 4.83616 4.37436 2.34326 1.70633 0.60312 3.66330 3.46663 2.65303 0.98255 1.30255 4.90888 0.20863 0.42971 4.87050 4.47113 4.65673 1.06567 2.26701 2.24754 3.59102 1.27113 2.10664 1.97499 3.08080 1.09891 3.79571 4.13874 4.86142 3.09681 3.47462 
4.03753 2.35766 3.48299 3.26851 2.80308 2.23311 1.90959 4.67837 0.87670 1.77028 4.29055 1.24427 4.56289 3.81667 4.84197 2.53163 4.53371 3.79409 2.60006 4.79160 3.07245 1.97650 3.21210 1.11964 2.40243 1.28047 0.14462 1.56815 3.84841 1.35425 0.43406 0.42971 2.99437 1.41279 3.06881 1.04326 2.74786 0.70929 1.16720 1.67481 2.16018 1.65914 3.91944 3.02715 3.25285 0.48822 2.87851 4.55186 3.17415 1.27542 
4.14660 3.40584 0.65405 3.44033 0.21804 0.62798 4.11788 2.23515 3.79591 2.03261 2.10594 3.47397 3.40077 0.14359 2.01661 1.74511 1.55789 0.56056 2.23495 0.45268 1.02666 0.05178 4.77369 4.47680 3.35225 4.41037 1.53076 0.09929 2.53922 0.58685 4.79007 4.87050 1.41279 1.19825 3.96562 4.59975 1.14576 1.73074 1.72613 3.29566 1.72955 2.64488 2.83478 3.56513 2.93914 1.01297 0.26504 4.27404 3.76163 3.00811 
2.99322 4.46402 4.66238 4.54685 0.30790 2.88097 2.76167 4.64192 2.05410 1.36981 1.89471 2.55856 3.94494 2.53848 0.69567 0.34180 0.82121 0.05625 4.60590 0.94237 3.40798 0.59388 4.58639 2.95954 4.85879 1.91209 1.54800 3.09501 3.63552 1.42901 1.92887 4.47113 3.06881 3.96562 4.03682 1.43265 1.06010 4.02059 3.37179 0.97597 3.58706 3.12075 2.37758 3.39316 1.89102 2.37017 1.42485 0.30990 4.21701 0.77933 
1.95703 1.44177 0.01971 2.40379 1.70103 3.82838 3.65674 3.11875 4.88508 3.78034 2.19887 1.61873 2.35555 2.39641 2.73043 4.17558 4.97314 3.63578 1.79081 4.42243 1.65812 4.38859 0.14956 2.26978 2.47679 0.81439 0.31949 2.31971 2.44537 3.52534 0.97764 4.65673 1.04326 4.59975 1.43265 0.36158 2.52071 0.11932 4.51005 0.21478 1.43349 2.40270 0.77298 3.27818 1.45178 4.34812 2.83779 1.89348 3.64499 4.44970 
0.19806 3.55969 1.11266 1.64389 0.83184 4.71597 4.61748 4.86070 2.53426 3.59557 4.41081 4.70304 4.74340 2.99774 1.57516 2.82442 2.18939 3.48308 1.66491 2.15074 2.73687 1.22905 0.38498 3.61064 3.22301 2.60116 2.94651 2.74991 2.18586 4.01241 1.03368 1.06567 2.74786 1.14576 1.06010 2.52071 2.48516 2.67481 0.70010 4.15876 4.93089 4.97654 0.80562 3.29363 2.85222 1.59139 2.87672 0.80425 2.27270 0.72047 
2.52135 4.70056 0.43024 0.98848 3.33469 1.99973 0.20272 0.27411 4.20775 1.37329 1.44840 0.46499 2.02706 1.54709 0.38900 4.15911 3.52128 2.01402 4.47987 0.75401 2.84285 1.54211 0.87699 4.78831 2.49765 4.09803 3.77494 4.41840 1.17118 0.10011 1.90195 2.26701 0.70929 1.73074 4.02059 0.11932 2.67481 0.61787 4.78063 0.10431 0.36473 1.95307 1.84249 3.51292 4.33445 3.59309 3.05377 4.63713 4.90244 1.10419 
0.15741 1.36984 3.75939 4.55005 4.43209 1.18228 2.10499 0.06951 2.95760 4.55059 1.11518 0.21235 4.96974 3.37176 3.39358 2.62987 3.48982 0.15659 2.75700 0.74182 0.64903 4.68963 2.29926 4.61217 3.91736 0.83260 0.18010 0.45327 0.02584 4.52765 3.55036 2.24754 1.16720 1.72613 3.37179 4.51005 0.70010 4.78063 2.05470 3.74056 0.78033 0.08199 3.31099 2.56698 0.07300 1.59978 3.93621 1.46678 1.36444 4.31301 
0.18437 1.18020 4.54770 4.38493 1.13372 1.32777 1.05561 0.17183 0.19776 1.26255 3.28420 4.78169 2.27936 2.02460 1.11154 3.33293 2.67450 0.05105 4.94613 0.29873 1.11224 4.05807 0.36083 4.89546 1.88995 3.20777 3.47823 2.68289 4.15291 4.75673 2.70872 3.59102 1.67481 3.29566 0.97597 0.21478 4.15876 0.10431 3.74056 4.97066 0.00696 4.26197 3.67299 0.89606 1.01623 3.93150 1.98577 4.45744 1.86893 2.20382 
4.65044 3.49442 2.44337 4.13484 0.49445 1.74008 0.19644 4.66589 2.83975 1.98665 0.75144 1.96044 0.03752 2.22440 1.88666 4.04889 0.31041 2.75674 1.69757 1.19862 3.31478 0.97534 0.66456 1.53297 0.95412 2.64268 1.74011 3.58961 1.18086 3.46756 2.87082 1.27113 2.16018 1.72955 3.58706 1.43349 4.93089 0.36473 0.78033 0.00696 3.28966 0.05615 4.80761 1.23361 2.60087 4.40435 3.04339 1.91475 1.26541 4.20239 
4.50458 1.68559 3.35729 3.03320 1.97865 2.27114 3.40940 3.30789 3.52669 3.30325 0.10904 0.12207 2.89086 4.24572 3.33234 4.31346 1.57849 2.59168 3.77857 2.39028 3.01516 3.20425 0.52401 1.07078 0.90375 2.78330 3.49736 3.63407 2.74235 0.97911 0.17177 2.10664 1.65914 2.64488 3.12075 2.40270 4.97654 1.95307 0.08199 4.26197 0.05615 2.56763 3.96605 4.37234 0.05608 2.13877 2.92400 3.23349 4.00709 2.86731 
2.45723 3.50108 1.17492 2.34615 3.15158 0.54984 4.46534 3.30955 0.14577 2.38357 0.25127 1.78423 4.75433 3.39137 4.36011 1.59136 0.05950 3.93777 0.96626 4.07705 2.54019 0.79215 3.29487 0.20988 4.64502 4.96035 4.56210 0.50442 0.07992 2.49325 1.11363 1.97499 3.91944 2.83478 2.37758 0.77298 0.80562 1.84249 3.31099 3.67299 4.80761 3.96605 2.03704 3.26507 4.05408 3.57198 2.02919 0.55331 2.11597 1.49570 
4.69272 3.71128 4.66253 2.54046 0.01016 1.12160 2.80871 3.72491 3.40951 0.13057 2.21154 4.65000 2.63002 3.16503 1.10599 2.25057 2.01631 4.94870 4.98232 1.35863 4.92749 2.47981 2.03952 0.43410 0.59006 3.22529 3.98124 4.90090 0.67084 2.46628 0.35207 3.08080 3.02715 3.56513 3.39316 3.27818 3.29363 3.51292 2.56698 0.89606 1.23361 4.37234 3.26507 4.86984 3.42751 2.58583 2.69349 4.48623 3.36764 0.07280 
3.84440 2.96951 3.27234 2.44972 2.62693 4.51446 2.14750 4.94794 2.57962 0.71787 1.28729 3.85150 0.00974 4.06602 4.93059 0.16639 0.26895 2.85831 3.82873 1.65908 0.35863 4.24789 3.73457 0.97318 0.46787 1.09423 4.91588 4.03159 3.17339 3.54089 2.84180 1.09891 3.25285 2.93914 1.89102 1.45178 2.85222 4.33445 0.07300 1.01623 2.60087 0.05608 4.05408 3.42751 1.09288 3.92356 4.04819 4.08856 0.80324 2.88474 
4.36313 0.35235 2.91710 0.11213 4.66808 2.50269 0.99675 1.33562 2.53517 0.03964 2.98249 4.22160 1.32816 3.17646 0.22035 4.73362 0.62510 3.47283 4.19560 4.68601 1.18492 2.03733 2.55309 4.73567 0.24595 3.52577 0.51161 1.66179 1.56072 4.88754 4.95313 3.79571 0.48822 1.01297 2.37017 4.34812 1.59139 3.59309 1.59978 3.93150 4.40435 2.13877 3.57198 2.58583 3.92356 2.66594 2.34078 2.15319 3.16253 2.45520 
1.54281 1.51456 0.84433 4.74404 2.81207 3.92432 3.79840 4.03632 3.45475 0.98833 3.31575 0.98948 4.51407 0.16370 3.30600 3.00394 2.03248 4.78610 1.70771 1.81540 3.78054 0.42591 4.63498 2.36356 2.26862 2.30985 3.70838 3.62334 3.51948 1.57992 1.98999 4.13874 2.87851 0.26504 1.42485 2.83779 2.87672 3.05377 3.93621 1.98577 3.04339 2.92400 2.02919 2.69349 4.04819 2.34078 1.31205 2.36763 2.95730 3.39199 
0.60073 4.75469 2.22495 1.77936 3.21138 2.19896 2.79143 1.39838 4.21209 2.48224 4.66138 3.99924 3.52181 4.06752 3.36840 0.12950 2.65269 0.61754 0.96581 2.45159 1.19998 4.38678 1.33128 3.87276 0.00558 0.40441 0.53580 2.80230 4.05177 2.49208 0.47277 4.86142 4.55186 4.27404 0.30990 1.89348 0.80425 4.63713 1.46678 4.45744 1.91475 3.23349 0.55331 4.48623 4.08856 2.15319 2.36763 3.87231 1.97874 0.90491 
2.35173 0.10528 1.31790 1.12795 3.31955 2.33747 0.59237 1.02635 2.29613 0.95686 0.37388 1.72273 3.49458 3.37932 0.81129 2.90808 1.72170 3.34994 2.92363 4.12397 1.69780 3.27869 1.75801 3.19595 3.38646 4.80798 1.68799 0.85604 1.62194 1.24307 3.14924 3.09681 3.17415 3.76163 4.21701 3.64499 2.27270 4.90244 1.36444 1.86893 1.26541 4.00709 2.11597 3.36764 0.80324 3.16253 2.95730 1.97874 0.09868 3.56562 
