3.33318 3.66091 4.17546 3.81725 1.18030 2.96491 4.50785 3.10813 4.90598 3.98404 2.92534 0.73087 4.33515 1.83399 0.15929 2.60096 2.47814 4.55499 0.25245 3.76309 4.57130 3.01461 2.46519 4.98887 4.72763 2.49971 3.58867 3.96409 0.24986 2.13335 3.16867 0.44357 4.32189 2.25485 1.68521 1.14629 4.12304 1.29642 3.06644 3.59196 1.16302 0.68612 0.21544 2.88331 4.46248 2.18987 1.18244 4.16098 4.89461 1.48989 4.67763 3.09522 0.73897 1.87502 3.26037 0.03297 2.09947 3.71078 4.49511 4.94213 0.01748 4.96188 1.88290 2.94369 3.71997 2.88504 0.47741 1.30728 0.72500 2.09859 4.80771 1.31773 0.36665 3.40231 4.35427 2.36704 0.47263 4.87593 3.17406 4.15512 2.34557 2.16776 3.92331 3.61697 4.16949 1.31323 2.07801 4.45795 2.43138 1.54201 0.46238 4.25169 2.75243 4.06578 2.64074 0.41745 2.64050 3.83814 1.44951 4.98064 
3.66091 1.47424 0.37368 2.10149 2.46956 1.51765 0.36279 1.30596 1.20276 4.84194 3.55810 1.65502 4.37103 0.73893 0.10309 0.83213 1.96019 2.97782 0.56353 0.72345 1.64818 4.15605 1.68120 2.24135 2.24437 1.38748 3.64297 1.10305 1.12706 3.75875 2.12524 1.21325 1.03751 2.86262 1.78811 4.95899 0.76629 0.41629 2.33842 0.18620 4.93820 1.52041 3.91755 1.95452 4.68288 2.67395 1.88733 3.18744 2.34201 4.78713 1.15351 2.89554 4.08658 4.32674 4.87584 1.85986 0.92627 4.47068 4.74124 0.14780 0.81956 0.96992 4.22303 4.98601 1.62286 2.93468 4.29493 3.74109 1.33615 2.23511 3.62119 4.73277 0.35335 4.78623 3.09049 1.51308 0.25122 4.96031 4.81475 2.04415 4.54840 3.42025 3.06753 1.86555 4.03587 3.11385 2.61082 1.09515 4.87618 0.22496 2.05167 3.70637 2.04573 2.89455 1.20942 3.48610 3.66442 2.24661 4.46335 4.93304 
4.17546 0.37368 3.82970 1.06440 3.02409 1.90491 0.21643 1.63545 4.44015 3.37699 3.58612 1.23484 0.15289 0.31349 4.59350 2.25124 1.86722 2.47266 4.70820 1.52421 4.05553 3.32523 0.46443 0.39290 2.28400 3.04111 4.59246 2.73154 0.79376 1.33200 4.30745 2.73547 1.01525 2.48553 2.27107 3.93024 2.40055 0.11165 2.59075 0.20681 0.16057 3.38410 3.97358 2.17589 4.55750 4.10161 0.55475 1.71716 4.26903 4.93565 4.42299 4.84305 1.78062 1.25913 0.87262 1.36660 1.62406 2.96436 4.52825 1.95891 3.74150 4.44541 2.77521 1.99849 3.06875 2.22222 4.14746 1.78529 0.18344 4.56898 2.19224 1.74175 4.21265 3.54108 1.76527 0.81543 2.13198 4.30223 1.08374 3.48999 4.67881 2.98120 1.25309 4.29850 3.74422 3.04603 4.41405 0.10279 4.77322 0.49893 4.36210 0.38215 2.19346 3.95831 1.15527 0.48256 0.58879 1.81362 1.23691 4.97217 
3.81725 2.10149 1.06440 2.44353 2.28599 1.29784 3.57955 3.09207 4.09201 0.03148 0.44866 4.63148 0.94302 4.09295 3.80863 0.18344 3.78843 0.65921 4.44890 4.04771 4.26337 3.65499 2.32307 3.06990 3.47990 1.81560 0.03023 2.37962 4.12387 1.61155 4.08389 4.54475 3.81743 4.67442 0.65958 3.96755 4.17990 2.70458 0.68763 1.92930 1.77845 1.07739 2.64144 2.31132 2.78600 3.11815 3.47119 1.49943 2.24998 3.61263 3.79263 4.96101 3.28380 2.83668 0.49923 4.19308 1.59787 4.70835 0.39933 4.22742 1.73123 2.52217 4.65776 4.27512 4.28523 1.75623 4.75095 1.85576 1.81995 2.23956 3.22700 3.42165 1.79090 0.32263 2.83527 2.92018 4.68185 3.85667 1.98733 2.37860 2.04936 2.70619 1.10073 2.71741 2.52108 1.09817 4.12385 0.94785 2.38362 4.45666 2.54413 0.36457 4.52432 1.04310 0.93851 4.55919 4.43563 1.98254 0.76588 4.13903 
1.18030 2.46956 3.02409 2.28599 1.30027 3.32062 2.65290 2.09734 0.91162 0.04411 1.04996 1.33761 0.17805 3.38140 3.39079 4.97081 1.05484 3.75358 4.97205 4.57795 3.05482 3.99990 4.76596 1.63301 4.63414 0.68549 4.51683 2.01646 1.12440 4.59757 2.36964 4.89575 2.89382 4.83834 3.19413 0.91546 1.74161 1.06781 3.85057 1.41157 4.34890 0.48211 0.18394 2.35622 1.88101 4.53063 1.21207 3.64366 3.52967 0.37685 4.11113 4.66529 0.13424 0.84806 3.41191 4.49066 1.78014 4.45374 0.65378 4.29803 4.95669 3.79122 3.34408 3.48883 0.99743 1.81267 2.82235 0.50657 0.92197 3.46568 0.80614 1.17471 3.76273 0.80969 4.41228 4.10835 2.07202 2.97358 0.11132 4.75926 1.65870 4.08232 0.82874 1.06716 2.06071 0.31974 2.59136 3.73788 2.69484 2.59272 2.20984 3.40023 4.68075 4.25315 0.35459 3.44052 3.66899 0.15606 1.53338 3.13297 
2.96491 1.51765 1.90491 1.29784 3.32062 0.53617 2.07631 3.31278 2.81239 3.98188 2.46535 0.18226 4.63723 1.07720 4.45179 1.67126 4.90804 3.89145 2.32461 0.26500 1.70928 4.94930 1.88888 0.78845 4.68037 2.44435 0.65805 1.84028 3.17094 3.62488 4.90258 4.55435 3.65074 3.35457 0.87628 4.07831 4.60957 3.58429 4.80312 2.21188 4.95775 0.91236 2.34899 2.30675 4.11271 0.89130 4.69628 1.85041 0.09957 2.60156 2.05911 2.83528 1.49789 0.86914 0.55300 1.63812 0.40820 0.47926 1.99467 4.43043 3.59051 0.72438 0.14147 2.22773 1.92409 4.52902 3.47244 4.32108 2.56036 1.38906 3.20550 0.66949 1.87565 3.13731 3.38115 2.65508 0.19158 1.55539 4.52043 2.59634 3.41041 3.56265 1.28263 2.39865 3.23172 1.86280 2.36065 0.40760 2.57350 3.76777 0.41527 1.77297 3.64178 0.46370 3.47277 0.67109 2.78375 1.26749 4.90723 3.45585 
4.50785 0.36279 0.21643 3.57955 2.65290 2.07631 2.65265 2.74211 1.86419 3.98785 2.21891 4.70830 4.92551 3.94167 4.02229 2.78850 2.58875 0.11921 3.58900 4.74057 1.06235 2.64902 4.78358 2.34446 3.23971 0.26302 3.75030 2.37017 3.99191 3.59285 1.07458 4.32253 0.04457 1.98393 2.49235 0.38341 0.31758 2.69692 2.35094 2.67916 2.29743 0.45212 0.61660 1.62801 0.57469 1.11231 4.39430 3.37315 3.36132 2.32532 2.11758 1.90212 0.55311 4.22894 0.05142 2.37707 3.62648 0.82120 3.87625 4.95474 2.46099 2.41985 1.56492 1.22577 0.61995 2.27001 3.77993 2.63286 2.96352 2.94142 4.69022 3.38408 3.92794 0.71221 4.59440 4.52435 0.79936 2.82806 2.53196 0.79481 2.71407 2.91094 1.23117 3.54008 2.50286 0.06609 1.17894 4.32839 1.39546 1.48661 3.27654 1.75509 0.74146 4.80889 4.76850 4.49744 4.47266 3.74876 2.77889 4.48539 
3.10813 1.30596 1.63545 3.09207 2.09734 3.31278 2.74211 0.91535 3.90452 4.56889 4.72192 4.60062 3.19986 4.32688 0.01594 2.96055 0.54684 0.03283 3.63516 3.73483 4.61621 0.39350 2.61470 1.74653 1.43235 4.54574 0.40590 0.59002 2.07346 4.76969 2.46880 1.06628 1.40786 4.76894 2.81844 3.70852 2.27678 0.66600 2.96115 2.97907 0.22744 0.06112 1.90077 3.15110 3.08076 2.72194 3.26909 1.18531 2.70261 2.45068 4.21945 0.19519 4.13928 3.73006 2.61163 4.18808 2.22559 3.02701 3.57067 3.45378 3.21297 2.35550 1.59761 1.22728 3.37323 2.42042 2.68828 1.51269 2.77950 2.51143 1.03451 1.36014 2.05799 1.24881 2.76256 1.52497 2.24192 3.33720 4.24603 3.60567 1.48233 1.02287 4.01755 0.19808 1.21052 0.91816 0.41618 3.77089 3.97409 2.02269 4.33014 3.26281 4.04576 3.98496 3.72890 1.43314 2.63325 2.08493 4.89069 1.82267 
4.90598 1.20276 4.44015 4.09201 0.91162 2.81239 1.86419 3.90452 0.09301 0.83480 1.10410 3.56545 2.60389 4.07309 2.20281 3.94794 2.81417 3.62842 0.14470 4.46077 4.70044 0.04235 4.29908 2.50117 4.32693 4.03394 3.50404 4.93638 4.06363 1.75624 0.90973 0.45858 4.69943 0.91218 1.25865 2.28080 3.49882 0.26396 2.46309 2.92704 2.71606 1.36827 4.02914 1.04363 0.15860 1.70528 1.21920 0.64662 1.72976 1.03003 1.52989 3.56242 0.27111 2.37419 4.54234 3.01605 0.64673 2.85655 3.94839 3.07099 4.68720 3.34293 0.30345 4.58169 1.05131 1.12845 2.05576 1.34005 3.12199 3.62483 2.67007 2.49008 1.97219 3.52669 1.23233 2.06364 2.09994 0.93744 3.08911 3.62019 3.81523 4.36760 4.65573 0.62380 0.77802 0.61659 1.09719 3.98321 2.54403 1.12927 1.74343 0.44132 0.01745 1.12757 2.70336 4.50644 4.27629 4.37818 4.56778 0.85144 
3.98404 4.84194 3.37699 0.03148 0.04411 3.98188 3.98785 4.56889 0.83480 3.30219 3.92146 0.48067 1.50210 4.08201 3.08473 2.36901 1.33157 3.36130 1.09244 4.17605 1.96283 0.91930 3.10236 2.47969 1.95157 0.64198 1.40646 3.60185 3.32274 3.32376 1.27764 4.94425 0.11768 4.10166 3.79192 1.80792 4.47613 2.67991 1.25703 2.86810 4.03747 1.14003 2.30973 1.04961 4.65555 2.64570 4.56107 1.06285 3.84582 1.87551 2.95354 1.86498 4.23689 4.57604 1.90781 1.86788 2.00113 3.38599 0.36956 1.65355 1.66088 4.59666 0.08471 4.12324 0.38585 1.97953 1.73147 3.50934 3.43910 3.31652 3.89192 4.14447 2.52706 1.03882 0.55734 3.70247 4.64696 4.03554 0.80962 1.20779 0.49049 3.49139 0.21354 2.12656 0.39690 4.70314 3.07830 4.49188 2.29530 1.49813 0.21507 4.23314 4.53229 2.81447 2.82326 3.64276 2.14713 1.52348 3.20193 0.45971 
2.92534 3.55810 3.58612 0.44866 1.04996 2.46535 2.21891 4.72192 1.10410 3.92146 0.18567 0.89267 0.70321 1.12898 2.39331 0.55371 1.64822 4.92469 2.90459 3.19877 2.31777 1.33658 2.86709 3.86292 0.94343 4.21030 0.76429 1.83528 4.26965 3.91681 0.20616 1.39201 4.47481 4.38359 2.25818 2.46530 3.34504 2.24430 1.80665 3.50170 1.73504 0.01616 1.78575 1.45556 2.74881 1.96942 1.30453 2.58850 2.28143 2.85455 4.24198 2.37042 3.71165 4.55557 4.86450 4.81108 1.58057 4.96659 4.55300 0.39280 4.07185 1.38101 0.10023 0.96491 4.38693 1.64239 0.00011 3.42910 2.62710 0.45407 2.15005 2.36382 2.32414 3.06478 2.82728 3.36676 4.15036 0.04205 4.28852 1.44011 4.76467 0.78002 2.93710 0.19647 4.96849 1.54595 3.46724 2.65842 0.93640 0.29769 0.44573 0.48539 2.91369 2.76691 4.34695 2.25361 1.42409 4.72784 0.48970 4.99334 
0.73087 1.65502 1.23484 4.63148 1.33761 0.18226 4.70830 4.60062 3.56545 0.48067 0.89267 3.27509 2.30487 3.70831 0.24922 3.87907 1.22363 2.95547 3.06097 4.10146 1.20580 0.61021 0.19067 0.80225 2.13950 2.73747 3.76701 4.83590 4.13144 1.30202 1.03612 1.72374 1.23758 1.72110 0.75098 1.79955 4.26352 1.69040 1.68776 2.96631 1.97931 1.93401 4.02879 2.48363 3.87453 4.11099 1.71805 0.45072 4.92449 0.21274 3.09008 2.95788 0.99785 4.26250 1.94737 4.67760 4.52651 3.29095 1.05967 3.95829 1.91234 3.42254 0.66388 2.10353 2.16070 3.43151 4.72982 1.37813 4.22011 0.48429 0.44107 3.61816 2.05133 3.59676 4.82552 0.95370 1.14064 2.92765 1.70486 3.72508 4.87359 2.67958 4.95220 4.90986 4.27060 0.57044 2.42978 3.33037 0.19827 0.50232 1.29318 0.21025 4.46601 0.83258 3.60236 4.75114 3.61968 4.13182 3.27369 3.84321 
4.33515 4.37103 0.15289 0.94302 0.17805 4.63723 4.92551 3.19986 2.60389 1.50210 0.70321 2.30487 3.69152 4.29029 2.38001 4.67066 2.36160 1.55534 3.08901 0.26706 4.65171 4.49760 4.19490 4.28685 4.39129 0.91603 4.20604 4.73642 4.77011 1.40867 1.40507 0.82796 0.58819 3.31568 0.69104 3.73699 1.61373 3.24743 4.47833 0.94226 2.31191 4.65879 0.49026 0.16654 3.17465 2.33961 2.11024 4.20761 2.79299 2.13354 1.59642 1.21768 3.51479 1.24793 4.12308 4.15247 0.13054 3.70406 0.37029 1.14163 2.15587 1.53211 0.47063 4.73170 2.32221 4.42260 1.15537 4.20183 4.25397 3.59351 1.18242 2.15824 0.67499 1.46133 0.72260 0.16259 3.03657 2.35784 0.62073 0.35644 2.14932 0.51013 0.01307 0.60025 1.19943 4.99983 4.99556 3.07285 3.67440 4.59069 4.10827 4.17306 3.96203 3.51998 4.68458 1.85745 2.23914 2.39608 4.35098 2.74066 
1.83399 0.73893 0.31349 4.09295 3.38140 1.07720 3.94167 4.32688 4.07309 4.08201 1.12898 3.70831 4.29029 3.26214 1.74634 2.53958 1.71100 3.61116 1.98148 4.06388 2.88553 0.13387 3.25308 1.02541 0.18369 4.86512 2.00319 1.36896 3.95571 0.65807 3.76314 4.73404 1.10550 1.51232 1.73188 4.19763 4.22212 0.00003 3.83309 0.54373 0.93083 3.91486 2.75023 3.69949 1.12349 3.95661 0.00675 0.45220 3.88750 4.84062 4.58623 2.90717 4.85807 3.12351 0.16742 1.90263 1.73490 0.46931 3.53021 2.69558 1.77372 1.26284 1.51925 2.24271 4.95622 0.89545 3.53723 1.78533 0.10651 1.70258 2.48438 2.80939 4.63688 3.19040 0.42583 1.78366 0.62301 3.63126 2.81541 4.01582 3.11367 0.38368 0.55008 2.03049 3.63246 3.96502 4.39158 0.73215 1.71912 3.30272 2.74399 2.32282 1.65234 0.05877 3.49224 2.19778 0.59040 4.07076 2.61544 4.42766 
0.15929 0.10309 4.59350 3.80863 3.39079 4.45179 4.02229 0.01594 2.20281 3.08473 2.39331 0.24922 2.38001 1.74634 3.73468 3.90915 3.82279 2.68065 3.56434 0.20397 1.20157 0.66192 3.09019 4.65436 3.20560 3.10757 0.63794 1.67195 0.58842 4.71691 4.18340 3.11419 0.64290 4.92986 1.33793 4.98962 2.34434 1.33596 3.91453 4.83340 4.40830 0.55973 4.61372 3.39415 0.52053 2.41547 3.85232 1.59276 0.93035 4.81548 4.54444 0.42687 4.53116 2.59295 1.73689 0.63391 3.49428 3.94723 1.23426 0.78827 3.44163 2.40987 0.63312 0.90803 4.20667 2.98015 2.75895 2.16300 2.06548 1.69297 3.18189 1.50279 2.24344 3.30825 1.92247 4.82237 0.79891 4.88459 1.37085 4.02825 1.13264 0.69937 0.88415 2.20332 0.30612 3.67052 4.12551 3.14934 2.71147 4.13093 2.42468 0.33572 4.01001 0.40363 0.80834 2.64129 0.44060 3.16589 3.73391 1.94392 
2.60096 0.83213 2.25124 0.18344 4.97081 1.67126 2.78850 2.96055 3.94794 2.36901 0.55371 3.87907 4.67066 2.53958 3.90915 0.83935 3.50185 3.40526 3.31396 4.95950 0.89972 2.12341 2.28396 2.83716 3.21132 3.77803 3.90191 0.12242 0.86167 1.99407 3.29422 2.04446 2.86842 4.86570 1.54963 3.26782 4.63756 3.72143 0.43542 3.53951 2.06890 1.12942 4.83429 4.14268 2.39612 2.86130 2.67469 1.63458 3.95814 3.85245 4.36370 2.72841 0.94748 2.22310 0.42898 4.01063 4.19316 1.13051 3.86258 2.19663 3.43963 4.91077 3.92472 4.00507 3.99557 0.51805 3.31787 4.36062 1.30779 3.38855 0.35327 4.35817 4.11362 4.33140 0.19214 1.28231 2.63135 2.99345 2.40592 1.47129 0.44265 3.55295 4.93381 3.14476 1.62463 3.08678 3.25775 2.63282 0.51464 1.12844 3.01403 4.10664 1.58998 0.21373 3.83584 4.72791 3.06129 4.20485 2.50219 4.61790 
2.47814 1.96019 1.86722 3.78843 1.05484 4.90804 2.58875 0.54684 2.81417 1.33157 1.64822 1.22363 2.36160 1.71100 3.82279 3.50185 3.29576 0.22306 2.25556 1.66341 0.37886 2.51714 3.75547 0.59466 2.40658 0.28825 2.63754 4.11171 0.27926 1.69973 1.14275 1.92660 3.28961 2.16685 1.12841 4.20550 0.99834 0.77213 0.84892 0.02177 2.24829 4.83671 0.83986 4.49999 3.55073 2.42787 3.71307 1.48097 0.99342 2.85563 4.59361 4.86005 1.66992 3.04249 2.74244 2.53833 0.95188 1.40530 4.81374 2.92652 4.65296 1.50803 1.41368 1.60462 0.83435 0.00076 3.64346 3.46969 3.14104 2.10072 1.12400 0.10613 3.73594 4.27376 3.37972 4.24713 2.11044 1.59319 4.18715 4.82514 0.92756 4.07083 2.61714 0.94915 4.12259 4.73352 2.58228 3.11637 2.41075 1.34665 2.07171 1.43698 4.18797 0.03113 2.25891 0.69946 4.25508 2.97855 0.91515 4.75733 
4.55499 2.97782 2.47266 0.65921 3.75358 3.89145 0.11921 0.03283 3.62842 3.36130 4.92469 2.95547 1.55534 3.61116 2.68065 3.40526 0.22306 0.43506 4.51291 3.17685 0.20866 4.71469 1.67971 4.59225 3.35147 2.14408 1.74299 1.41733 2.31879 0.12943 2.64683 3.51667 2.46762 3.60452 1.93567 1.64011 0.06044 2.65600 4.44209 3.74440 4.03289 3.68608 1.43329 0.88079 0.88750 4.94584 4.87983 0.70979 3.14383 1.97471 1.16967 3.18392 0.16656 1.98900 1.36518 0.37537 3.89481 2.81836 4.99449 3.84939 4.02067 2.47708 0.21477 3.69482 2.47859 3.65178 3.89508 2.13329 3.87837 1.20341 0.97891 0.11715 4.36626 3.52510 1.21958 2.08894 4.65470 0.21464 4.68035 3.97099 3.90129 1.84795 1.97903 2.86006 3.22193 4.65595 4.18615 3.95914 3.82769 0.97904 1.18578 2.14490 3.71552 4.51034 0.63747 0.66643 4.11259 4.44059 1.97180 4.73905 
0.25245 0.56353 4.70820 4.44890 4.97205 2.32461 3.58900 3.63516 0.14470 1.09244 2.90459 3.06097 3.08901 1.98148 3.56434 3.31396 2.25556 4.51291 1.26493 0.72294 1.97622 4.93817 3.92083 0.21748 3.92282 2.03393 0.93896 3.52221 3.12807 1.22180 2.75258 0.81314 0.66288 3.09938 4.05169 2.10283 2.32803 4.48076 1.56431 3.47715 3.22884 3.51065 4.48791 3.21844 4.40786 2.08767 2.15949 0.29415 2.18520 4.39366 3.37593 1.64770 4.60383 3.18305 3.25733 3.62912 1.74753 1.25738 1.26056 2.94351 0.58878 2.34573 4.42620 2.76103 3.40581 0.05762 2.91080 3.35239 0.98430 2.06343 4.50313 2.40536 4.66943 1.59439 1.03448 3.30026 0.56683 4.41406 4.21126 3.22472 0.59125 4.78292 1.46559 4.38049 0.74563 1.57301 3.43452 3.35826 1.67093 4.55843 3.84098 0.35181 3.66124 2.24667 2.01188 3.46184 1.58596 1.17578 3.38881 0.25573 
3.76309 0.72345 1.52421 4.04771 4.57795 0.26500 4.74057 3.73483 4.46077 4.17605 3.19877 4.10146 0.26706 4.06388 0.20397 4.95950 1.66341 3.17685 0.72294 4.42965 1.89918 3.97335 0.74447 1.95413 4.44706 1.21430 1.39732 3.64060 3.68730 3.85544 0.01071 3.99192 4.02402 2.38713 1.59803 1.20747 4.34724 0.10604 1.77462 3.50091 0.17663 3.21004 3.82546 3.06184 4.88779 4.61699 4.09751 1.08792 3.64529 1.27957 2.03285 3.98766 4.83555 4.10713 0.92012 3.90438 3.05134 4.33766 4.79938 3.09773 0.95112 3.41945 0.30913 3.47660 4.03896 1.45674 3.15287 3.06965 1.78899 2.79300 1.21863 1.39113 0.79125 2.80119 0.77734 0.27884 3.20926 0.82372 2.07910 0.69768 2.81454 2.06434 3.66090 0.39304 1.96620 2.13760 3.76955 0.89749 2.91670 3.69305 2.12264 2.82555 4.79600 3.76568 3.30296 3.29555 1.11917 0.18077 1.07290 2.68388 
4.57130 1.64818 4.05553 4.26337 3.05482 1.70928 1.06235 4.61621 4.70044 1.96283 2.31777 1.20580 4.65171 2.88553 1.20157 0.89972 0.37886 0.20866 1.97622 1.89918 4.00563 1.83241 2.86083 1.31304 3.83697 3.03521 4.30692 0.49606 2.42493 0.44706 1.64942 2.07956 3.03679 4.50812 0.61002 3.04832 0.72544 2.62260 0.41867 1.25478 1.24075 0.81246 3.46070 3.12613 3.53272 3.63732 0.38390 2.56534 0.18175 1.34622 2.15858 1.81480 2.46267 0.50132 4.72142 1.98505 3.63601 2.39213 0.27500 4.28620 4.19786 2.09350 1.77068 3.83523 3.45950 2.86926 2.42687 3.67518 4.98660 3.09431 4.56912 2.33670 2.13711 3.97494 2.50809 2.73190 4.49496 1.05503 1.37012 2.30640 0.21693 3.97448 0.67776 4.42600 1.77157 4.81679 1.35003 1.75861 2.84662 3.97142 2.60109 0.57358 4.19486 4.02064 3.79742 2.14468 1.25510 0.22241 2.66584 1.86022 
3.01461 4.15605 3.32523 3.65499 3.99990 4.94930 2.64902 0.39350 0.04235 0.91930 1.33658 0.61021 4.49760 0.13387 0.66192 2.12341 2.51714 4.71469 4.93817 3.97335 1.83241 1.66441 3.63457 2.69564 3.84495 2.42960 3.44846 3.15651 3.34064 2.97067 4.26431 1.75922 0.31253 3.42703 0.63840 3.65823 1.61062 4.23157 3.51164 2.66552 3.96141 0.72802 0.04052 4.28350 3.36653 0.51981 0.79740 1.43454 0.48935 4.79312 0.39466 2.66782 4.99532 1.32121 2.87599 4.65344 0.83169 0.51287 0.97004 3.06374 4.17011 3.26241 4.73376 3.51638 1.35249 0.55687 4.64264 1.27786 2.16643 4.62532 0.68596 4.45608 3.19758 0.72173 2.07158 1.64200 4.75921 0.52597 3.26520 0.48048 0.95715 4.25374 1.01504 1.68680 0.11250 0.27708 2.92889 2.19589 3.91577 0.77942 0.96417 1.69509 4.03215 4.37663 4.70400 1.89758 0.20356 4.91546 4.56721 4.85242 
2.46519 1.68120 0.46443 2.32307 4.76596 1.88888 4.78358 2.61470 4.29908 3.10236 2.86709 0.19067 4.19490 3.25308 3.09019 2.28396 3.75547 1.67971 3.92083 0.74447 2.86083 3.63457 1.31550 2.76854 3.63440 3.03937 0.10492 4.84931 3.76652 4.28323 1.70300 3.50717 4.29976 0.85559 4.62960 2.18279 0.17724 0.86392 0.11331 1.72390 0.73398 2.90223 4.20595 1.11308 0.99948 0.33768 3.42637 2.84177 1.78747 0.80809 0.01722 2.58919 3.67445 4.92109 0.06830 1.31343 3.34928 1.58287 2.06917 2.42649 4.57039 3.28867 4.04748 1.76791 2.87382 3.41562 3.55097 1.48808 4.21569 3.54934 1.89281 3.34328 3.34084 2.01551 0.43120 0.94881 3.98378 1.58724 4.15334 0.15533 3.11896 4.19602 3.51678 1.34641 1.67911 1.92956 2.73248 1.30618 0.19944 0.58442 2.39529 0.59370 1.17297 0.12534 1.35081 2.57237 3.92050 4.05040 1.77948 3.37717 
4.98887 2.24135 0.39290 3.06990 1.63301 0.78845 2.34446 1.74653 2.50117 2.47969 3.86292 0.80225 4.28685 1.02541 4.65436 2.83716 0.59466 4.59225 0.21748 1.95413 1.31304 2.69564 2.76854 4.09481 4.47169 3.85796 3.92844 4.61214 4.69067 0.77799 2.39897 4.59722 0.80762 3.94727 2.35982 1.55696 0.98104 4.52709 0.73341 1.38190 2.01086 0.06603 2.99817 2.28486 0.01281 0.43579 4.16309 4.49867 3.77916 0.95976 3.47233 1.49759 2.56764 3.02046 2.73659 2.91166 0.25517 0.34067 1.50997 0.85373 1.15278 1.93466 1.94599 2.46393 2.06293 3.62831 4.24766 1.43571 1.01834 2.33624 0.86177 2.66613 0.36376 0.57508 4.41127 3.96712 0.60865 0.17611 2.28182 4.68468 3.61086 4.85925 3.51393 2.75247 3.86192 2.34166 3.45239 2.01178 3.78435 0.40530 0.48547 2.87043 2.26540 2.84277 0.20139 4.56178 1.02242 4.27431 0.69489 1.36814 
4.72763 2.24437 2.28400 3.47990 4.63414 4.68037 3.23971 1.43235 4.32693 1.95157 0.94343 2.13950 4.39129 0.18369 3.20560 3.21132 2.40658 3.35147 3.92282 4.44706 3.83697 3.84495 3.63440 4.47169 4.59762 1.38936 2.38721 1.35779 4.72893 2.45619 0.15692 2.07561 1.84529 4.77698 4.41184 1.54751 0.43470 2.79131 2.82350 0.18795 3.86883 4.47047 1.17217 3.21838 4.91662 3.55072 0.25315 1.94760 3.00915 0.65552 2.23130 4.37048 2.33787 1.91212 2.62390 1.59952 2.97734 3.81436 0.17973 0.44884 1.46265 3.68314 3.00918 2.28948 4.04999 4.57385 3.12612 3.03764 3.31975 4.14378 3.07206 4.72882 2.80424 1.17321 1.00843 4.67473 0.04221 4.80693 2.84934 2.25858 1.37042 1.40316 0.94834 0.25801 3.99377 2.22849 0.09499 3.41189 2.45409 2.27977 3.18524 1.18376 1.70826 2.73832 0.73164 3.19545 2.18517 1.03336 1.22114 4.18262 
2.49971 1.38748 3.04111 1.81560 0.68549 2.44435 0.26302 4.54574 4.03394 0.64198 4.21030 2.73747 0.91603 4.86512 3.10757 3.77803 0.28825 2.14408 2.03393 1.21430 3.03521 2.42960 3.03937 3.85796 1.38936 4.61381 1.10832 1.31898 2.08914 3.18874 0.21653 2.68342 2.79993 2.99201 1.72611 2.08981 2.19779 0.14021 2.86550 1.06983 0.60524 1.13012 2.80037 0.02685 3.07934 4.46707 0.68462 2.97856 1.50943 0.16522 2.48859 0.65827 0.52133 3.78985 4.16678 0.64597 4.01832 0.69007 0.60812 4.73435 4.94043 0.15726 3.41072 0.61534 2.85786 4.79294 0.76834 1.71510 2.13972 4.12316 2.15138 1.14255 3.16888 1.83779 0.34488 1.04599 2.87397 4.23781 0.18026 3.50785 4.38826 3.95586 4.70572 4.52820 4.04539 3.58126 0.90057 0.74757 3.00855 0.91635 2.49502 3.70033 3.38052 1.55383 1.23512 1.44594 0.63951 4.77101 0.58176 0.03976 
3.58867 3.64297 4.59246 0.03023 4.51683 0.65805 3.75030 0.40590 3.50404 1.40646 0.76429 3.76701 4.20604 2.00319 0.63794 3.90191 2.63754 1.74299 0.93896 1.39732 4.30692 3.44846 0.10492 3.92844 2.38721 1.10832 1.12361 0.25670 0.48518 1.13384 1.18273 2.42671 0.48874 2.96499 1.62270 0.44499 3.02430 4.53040 3.47462 4.08974 2.73132 1.07431 4.68144 2.21656 1.90389 3.33266 3.45292 2.34703 1.51627 0.79143 1.20325 0.31147 1.54556 1.50956 2.75850 0.50201 4.67726 3.60537 4.96399 3.14040 2.70044 3.08902 3.69717 4.66656 2.55720 3.38977 2.31486 3.43443 1.76659 1.23992 3.65456 2.02569 4.78633 3.86587 4.23972 1.71477 4.37321 2.04589 0.38295 2.63765 0.55072 3.13368 0.46897 1.61728 4.86380 1.74358 3.05997 4.10994 0.99774 2.33763 3.28695 3.47544 3.94038 2.35539 2.65697 2.50021 1.88260 3.95565 4.26053 4.46426 
3.96409 1.10305 2.73154 2.37962 2.01646 1.84028 2.37017 0.59002 4.93638 3.60185 1.83528 4.83590 4.73642 1.36896 1.67195 0.12242 4.11171 1.41733 3.52221 3.64060 0.49606 3.15651 4.84931 4.61214 1.35779 1.31898 0.25670 1.26712 2.58508 3.94876 3.83153 0.42499 1.90492 0.36361 0.03884 3.27389 3.56444 0.44659 3.68212 2.61463 0.64266 1.87572 2.36266 3.74904 2.54021 2.64265 2.41297 0.88189 3.70725 2.99220 1.91425 1.06559 1.87250 4.21731 0.72979 2.13236 3.69242 2.29968 3.48517 1.04611 0.77964 0.27881 4.44141 2.63346 0.47670 4.14207 2.33784 3.53882 3.10909 1.28082 3.47263 4.13692 2.64049 3.43130 0.37867 3.75142 1.03979 0.99433 3.41718 4.92252 3.39476 0.64094 0.82032 1.26865 2.02885 1.79820 3.17537 0.15658 2.01821 0.56209 2.95593 0.46598 4.50385 0.59677 4.51085 3.07282 4.75393 2.89786 1.34933 0.72412 
0.24986 1.12706 0.79376 4.12387 1.12440 3.17094 3.99191 2.07346 4.06363 3.32274 4.26965 4.13144 4.77011 3.95571 0.58842 0.86167 0.27926 2.31879 3.12807 3.68730 2.42493 3.34064 3.76652 4.69067 4.72893 2.08914 0.48518 2.58508 1.77158 3.87275 3.68219 2.00404 0.35174 4.92610 0.95662 3.44761 3.36538 0.74047 1.65785 3.21934 4.95926 1.26946 1.43814 0.39579 3.58508 3.37706 2.80640 0.85508 3.86237 3.27805 0.19398 4.24544 3.29731 4.87798 2.36935 2.96671 3.65494 0.65160 4.46194 2.62179 3.15847 0.40879 0.46985 1.87433 2.77816 0.70662 3.15370 1.05834 4.29887 3.50626 4.88849 2.52638 1.01107 1.12856 3.97331 3.47568 1.16344 0.51967 1.34569 4.56410 4.41719 0.13985 0.76120 0.80561 0.64323 2.47718 3.57076 2.13345 1.45584 3.76153 4.93801 4.32949 1.85137 0.11230 1.00856 0.26188 3.45243 3.24990 3.38390 0.14808 
2.13335 3.75875 1.33200 1.61155 4.59757 3.62488 3.59285 4.76969 1.75624 3.32376 3.91681 1.30202 1.40867 0.65807 4.71691 1.99407 1.69973 0.12943 1.22180 3.85544 0.44706 2.97067 4.28323 0.77799 2.45619 3.18874 1.13384 3.94876 3.87275 1.89840 4.39179 4.61748 2.79386 3.38824 1.84876 3.08280 4.95510 4.80374 1.64932 0.84612 4.46240 1.01855 3.71400 0.38484 0.94812 3.24410 4.34791 0.54126 3.66272 4.65645 4.23912 4.79643 4.27729 1.18360 0.56936 3.23568 2.88998 0.57070 0.03868 3.79396 1.90661 4.55725 2.56062 2.99238 0.60463 4.83704 3.53127 1.27539 1.14178 2.08574 2.05436 4.74001 1.49698 4.65548 1.40435 2.91361 4.36530 3.98875 2.62514 4.82496 1.73673 1.60023 3.24042 1.85569 3.71146 2.83321 2.04290 1.32615 1.81408 3.00417 1.23727 2.92454 1.51278 3.00414 0.44160 3.53187 2.00517 4.69627 4.26470 2.72222 
3.16867 2.12524 4.30745 4.08389 2.36964 4.90258 1.07458 2.46880 0.90973 1.27764 0.20616 1.03612 1.40507 3.76314 4.18340 3.29422 1.14275 2.64683 2.75258 0.01071 1.64942 4.26431 1.70300 2.39897 0.15692 0.21653 1.18273 3.83153 3.68219 4.39179 2.35418 3.31785 3.13387 0.86109 4.32829 3.60859 4.46583 1.80891 1.48236 1.11086 0.07129 4.42723 0.09600 2.34811 2.23320 3.43697 2.13529 0.73245 2.27514 4.38834 3.81427 4.68942 0.66832 1.15659 1.08015 4.74483 4.04394 3.20543 2.23102 1.08558 3.56766 4.97756 2.27831 2.29229 3.38178 3.93917 1.79499 1.71747 1.56911 2.67127 3.13160 1.03879 1.88542 3.75563 3.64957 1.30616 4.33991 4.22751 1.20695 1.79361 4.27822 0.88253 2.55728 4.89779 2.59032 3.44276 1.68478 3.44531 1.88559 3.36054 4.82685 2.09757 2.25703 1.10965 2.03168 0.10670 3.60912 0.06747 0.39822 3.77695 
0.44357 1.21325 2.73547 4.54475 4.89575 4.55435 4.32253 1.06628 0.45858 4.94425 1.39201 1.72374 0.82796 4.73404 3.11419 2.04446 1.92660 3.51667 0.81314 3.99192 2.07956 1.75922 3.50717 4.59722 2.07561 2.68342 2.42671 0.42499 2.00404 4.61748 3.31785 4.41598 4.30184 0.55871 2.43692 2.37572 3.65851 0.72980 0.10725 3.35634 0.80404 4.59440 0.95133 4.61318 1.26204 2.02805 1.88356 1.77582 1.82408 1.97497 0.75621 0.03493 1.99768 2.66100 3.49395 1.24209 4.74180 1.43412 4.55207 3.90469 0.64255 4.30543 0.56225 2.90550 0.79913 3.26099 3.93832 3.99539 4.06129 3.49172 3.24657 2.94613 0.31640 1.28729 3.02124 4.65720 1.33705 3.73081 2.41112 4.39057 0.23172 0.86308 3.07874 0.76565 4.89288 3.33458 0.40543 1.74435 0.50355 4.98576 2.56712 4.83389 3.27701 0.37372 0.98310 2.35096 2.19091 2.15774 3.06885 1.24165 
4.32189 1.03751 1.01525 3.81743 2.89382 3.65074 0.04457 1.40786 4.69943 0.11768 4.47481 1.23758 0.58819 1.10550 0.64290 2.86842 3.28961 2.46762 0.66288 4.02402 3.03679 0.31253 4.29976 0.80762 1.84529 2.79993 0.48874 1.90492 0.35174 2.79386 3.13387 4.30184 1.70037 3.95685 3.97106 3.51105 0.83137 4.86591 3.87503 2.35913 3.86106 0.15969 4.66098 2.17327 4.07395 1.79935 0.77200 2.32502 3.06797 1.48506 0.53570 4.44327 2.39205 0.05199 3.25908 0.37589 2.18470 0.69270 3.86671 0.24762 1.10116 0.59258 3.86270 1.91811 0.45469 3.20163 2.92274 4.23704 0.83654 1.22719 3.43198 1.98330 0.83996 2.03884 2.01471 2.41629 2.10823 1.12779 2.30167 2.31535 4.10849 0.48448 1.36912 0.04768 2.54357 4.75546 3.99090 0.09913 0.53871 0.14694 1.86967 0.09119 2.95232 0.66779 0.66927 3.26043 1.77495 1.19027 2.03598 2.81605 
2.25485 2.86262 2.48553 4.67442 4.83834 3.35457 1.98393 4.76894 0.91218 4.10166 4.38359 1.72110 3.31568 1.51232 4.92986 4.86570 2.16685 3.60452 3.09938 2.38713 4.50812 3.42703 0.85559 3.94727 4.77698 2.99201 2.96499 0.36361 4.92610 3.38824 0.86109 0.55871 3.95685 0.40447 2.26768 2.96679 4.34158 4.06386 1.83213 0.21880 1.24698 3.09848 3.02405 0.83014 2.18881 4.82926 1.03206 3.88254 3.79297 2.91519 3.07511 2.03484 3.07496 2.30195 1.49786 0.01876 4.74716 2.20259 2.41081 0.65151 0.42522 2.71057 4.75225 1.18864 0.34363 1.51688 3.02366 4.23394 0.01377 1.36146 1.02237 0.42743 2.70992 4.75748 3.51536 0.74803 0.35547 2.78756 4.14147 0.26080 1.36415 2.37657 4.65220 4.29245 1.02973 1.03038 0.48525 1.38064 1.87088 2.11841 3.27261 2.47563 4.84229 4.03412 1.20430 0.10714 3.89235 0.04909 4.76812 2.90835 
1.68521 1.78811 2.27107 0.65958 3.19413 0.87628 2.49235 2.81844 1.25865 3.79192 2.25818 0.75098 0.69104 1.73188 1.33793 1.54963 1.12841 1.93567 4.05169 1.59803 0.61002 0.63840 4.62960 2.35982 4.41184 1.72611 1.62270 0.03884 0.95662 1.84876 4.32829 2.43692 3.97106 2.26768 3.05626 1.07718 3.65999 0.62409 1.14984 2.47445 1.08248 1.64714 1.40465 4.14403 1.02254 3.11630 3.74459 1.71200 1.80346 2.58099 3.23501 3.14898 3.44822 2.36049 3.87836 0.58214 0.45818 3.69227 4.93007 0.96361 0.11686 3.02541 4.26097 1.91457 1.56496 3.84251 2.69891 2.27086 3.68138 2.92220 4.39541 0.32777 1.34372 2.23474 3.93953 0.37118 2.35755 3.71242 3.49062 4.03251 1.24118 1.98625 0.63623 3.20024 4.96577 0.12949 4.96796 4.43484 3.58906 4.30900 1.67441 3.98230 0.72519 3.59778 1.39940 0.86966 2.78009 0.64001 0.53033 3.14016 
1.14629 4.95899 3.93024 3.96755 0.91546 4.07831 0.38341 3.70852 2.28080 1.80792 2.46530 1.79955 3.73699 4.19763 4.98962 3.26782 4.20550 1.64011 2.10283 1.20747 3.04832 3.65823 2.18279 1.55696 1.54751 2.08981 0.44499 3.27389 3.44761 3.08280 3.60859 2.37572 3.51105 2.96679 1.07718 3.49661 4.24452 0.24372 1.88287 3.32092 1.68939 4.52508 1.30960 4.47204 1.69082 4.93184 3.09817 3.00035 4.78175 1.71947 3.56545 3.01687 4.68129 2.69280 4.85424 0.19786 4.05430 1.57062 2.25623 2.48488 2.56575 0.00942 0.47846 4.04958 2.04541 0.67131 0.16563 1.34684 2.88161 3.74563 3.27525 4.78754 0.95801 0.24924 2.07174 4.90013 3.80268 0.79728 2.05053 4.07287 2.41441 2.61661 1.15853 4.15999 3.01734 1.58392 1.26787 1.55483 0.83288 4.42883 2.14936 1.27199 0.67865 2.82123 2.73782 4.20489 2.65065 0.43663 0.47840 4.93111 
4.12304 0.76629 2.40055 4.17990 1.74161 4.60957 0.31758 2.27678 3.49882 4.47613 3.34504 4.26352 1.61373 4.22212 2.34434 4.63756 0.99834 0.06044 2.32803 4.34724 0.72544 1.61062 0.17724 0.98104 0.43470 2.19779 3.02430 3.56444 3.36538 4.95510 4.46583 3.65851 0.83137 4.34158 3.65999 4.24452 3.42903 2.79184 1.07869 4.19871 1.49448 2.39738 1.29349 4.84442 4.14385 2.76731 0.05525 4.24877 3.05653 3.94879 3.59260 1.23231 2.96108 1.32433 1.30129 1.32647 2.87245 3.54254 3.33644 3.72768 4.36829 4.04572 0.86258 0.65511 0.41772 3.98512 4.95055 3.80281 2.60360 4.49976 2.45860 1.70338 3.93959 3.74006 3.23324 1.03035 3.39389 3.45131 4.35484 1.66443 2.22426 1.90803 2.31913 1.06829 4.10115 1.97371 4.26156 4.56615 2.06193 0.72055 0.01343 2.24738 1.67740 0.50257 3.73086 0.72619 3.51780 1.45795 4.50811 3.03551 
1.29642 0.41629 0.11165 2.70458 1.06781 3.58429 2.69692 0.66600 0.26396 2.67991 2.24430 1.69040 3.24743 0.00003 1.33596 3.72143 0.77213 2.65600 4.48076 0.10604 2.62260 4.23157 0.86392 4.52709 2.79131 0.14021 4.53040 0.44659 0.74047 4.80374 1.80891 0.72980 4.86591 4.06386 0.62409 0.24372 2.79184 3.43848 4.90116 0.11053 1.73844 4.24243 1.93406 1.21877 4.45518 4.55901 2.29118 0.23162 0.55788 3.96243 1.07727 0.23983 4.73796 3.36341 3.74397 0.65582 4.53675 0.98094 3.68213 4.70571 3.11445 0.94207 2.92413 4.48961 1.45726 3.98688 1.10531 2.16677 0.65850 0.35714 4.43064 4.48382 4.70490 4.72311 1.53669 4.94165 3.53141 2.71893 2.89053 1.38075 3.73114 0.09581 1.48860 1.29113 2.80455 2.71189 3.82559 0.24501 4.86542 1.12084 3.31547 2.17378 0.27847 4.72805 4.93500 0.82021 0.35396 0.69763 1.90125 3.29017 
3.06644 2.33842 2.59075 0.68763 3.85057 4.80312 2.35094 2.96115 2.46309 1.25703 1.80665 1.68776 4.47833 3.83309 3.91453 0.43542 0.84892 4.44209 1.56431 1.77462 0.41867 3.51164 0.11331 0.73341 2.82350 2.86550 3.47462 3.68212 1.65785 1.64932 1.48236 0.10725 3.87503 1.83213 1.14984 1.88287 1.07869 4.90116 1.36174 2.62632 1.71478 0.79042 0.22613 2.57701 2.13338 4.09942 4.12480 1.27765 4.26979 3.19350 2.21948 0.04677 2.41978 4.50133 3.10179 1.47867 2.76474 1.13279 4.53023 4.79710 3.29941 0.91681 2.27794 1.52094 2.20756 4.36434 4.59877 4.14781 4.14692 1.57092 3.97036 3.68784 3.16219 3.29890 4.48806 3.32032 0.07857 0.88529 3.98688 2.21812 3.54698 1.45063 4.66788 3.71934 0.42911 0.02044 3.53069 0.82265 2.89109 2.38956 3.17897 3.25306 4.58845 4.77366 4.80764 2.67035 4.29307 1.80992 1.21843 0.56503 
3.59196 0.18620 0.20681 1.92930 1.41157 2.21188 2.67916 2.97907 2.92704 2.86810 3.50170 2.96631 0.94226 0.54373 4.83340 3.53951 0.02177 3.74440 3.47715 3.50091 1.25478 2.66552 1.72390 1.38190 0.18795 1.06983 4.08974 2.61463 3.21934 0.84612 1.11086 3.35634 2.35913 0.21880 2.47445 3.32092 4.19871 0.11053 2.62632 0.56197 3.23425 0.18876 3.86928 0.85427 4.41352 4.16147 1.67705 1.34984 3.82567 4.08203 2.86080 2.54432 3.92590 3.91439 4.94968 4.12849 4.62265 2.37583 2.81722 1.29658 2.71174 4.27994 3.45518 2.26106 2.12168 1.43037 2.08792 1.62872 0.13720 0.70835 2.82789 0.36433 1.96425 2.11412 3.97368 1.23676 1.03858 4.40629 2.40742 3.01539 0.46516 4.30903 1.62616 0.82061 2.39986 3.28057 3.02294 3.19482 4.18143 3.64126 1.66685 4.86480 2.61606 3.60473 1.07961 2.23127 0.17313 4.93338 1.19923 0.22041 
1.16302 4.93820 0.16057 1.77845 4.34890 4.95775 2.29743 0.22744 2.71606 4.03747 1.73504 1.97931 2.31191 0.93083 4.40830 2.06890 2.24829 4.03289 3.22884 0.17663 1.24075 3.96141 0.73398 2.01086 3.86883 0.60524 2.73132 0.64266 4.95926 4.46240 0.07129 0.80404 3.86106 1.24698 1.08248 1.68939 1.49448 1.73844 1.71478 3.23425 3.52511 1.61405 0.70361 3.83823 2.05292 1.01958 2.24800 2.11211 0.72783 3.45796 3.57769 0.81472 1.39936 1.11721 0.30107 2.62938 2.58360 0.06896 4.75658 4.11968 0.61734 4.90579 4.55259 4.85125 2.66911 0.54312 2.19018 0.32350 1.86924 1.82918 1.64968 1.50124 4.41765 3.56966 2.90199 4.89049 2.27168 4.90686 2.23063 0.43255 0.11907 1.29574 4.77133 0.35263 3.15526 4.51712 0.30906 0.30286 4.45286 3.76759 4.65002 0.19723 0.81847 0.19800 4.60642 3.51433 0.25204 4.74992 1.10786 1.21070 
0.68612 1.52041 3.38410 1.07739 0.48211 0.91236 0.45212 0.06112 1.36827 1.14003 0.01616 1.93401 4.65879 3.91486 0.55973 1.12942 4.83671 3.68608 3.51065 3.21004 0.81246 0.72802 2.90223 0.06603 4.47047 1.13012 1.07431 1.87572 1.26946 1.01855 4.42723 4.59440 0.15969 3.09848 1.64714 4.52508 2.39738 4.24243 0.79042 0.18876 1.61405 2.87196 2.50105 3.26420 4.86592 1.25050 1.29340 3.44580 4.09514 2.96573 2.32841 3.97770 3.39404 3.15393 4.89316 2.74169 4.40653 2.41929 1.98564 0.48457 1.56167 0.49213 1.46148 0.60075 3.25048 0.03352 0.39060 3.51461 0.29715 2.36037 0.62391 1.97155 4.71580 1.15330 4.49289 4.76094 0.38080 0.33776 2.04020 4.85757 4.72623 3.87092 4.97912 1.16834 0.33094 1.58277 2.55041 2.00597 3.84700 4.11302 1.76577 3.85101 3.25035 4.34903 2.95124 2.68686 4.59578 2.23756 3.61443 1.24989 
0.21544 3.91755 3.97358 2.64144 0.18394 2.34899 0.61660 1.90077 4.02914 2.30973 1.78575 4.02879 0.49026 2.75023 4.61372 4.83429 0.83986 1.43329 4.48791 3.82546 3.46070 0.04052 4.20595 2.99817 1.17217 2.80037 4.68144 2.36266 1.43814 3.71400 0.09600 0.95133 4.66098 3.02405 1.40465 1.30960 1.29349 1.93406 0.22613 3.86928 0.70361 2.50105 0.06012 1.93899 2.11876 1.49033 1.97642 1.68243 1.44376 4.71877 4.16985 4.41884 4.01117 0.66283 4.27904 0.15334 1.55762 1.58886 2.91146 0.25474 4.80883 2.88071 4.67160 0.81656 3.06083 0.90282 3.99862 2.39875 3.07863 2.51589 2.74561 4.97047 3.19197 0.43259 0.86427 0.25231 0.38603 0.38707 3.97280 3.71035 0.16688 0.29884 3.97627 0.36558 3.22031 4.70966 3.97946 4.17159 0.39694 3.49578 1.13394 4.69301 4.44738 4.45857 3.65202 1.03956 0.62325 1.89134 3.30846 0.71872 
2.88331 1.95452 2.17589 2.31132 2.35622 2.30675 1.62801 3.15110 1.04363 1.04961 1.45556 2.48363 0.16654 3.69949 3.39415 4.14268 4.49999 0.88079 3.21844 3.06184 3.12613 4.28350 1.11308 2.28486 3.21838 0.02685 2.21656 3.74904 0.39579 0.38484 2.34811 4.61318 2.17327 0.83014 4.14403 4.47204 4.84442 1.21877 2.57701 0.85427 3.83823 3.26420 1.93899 3.75919 0.64018 0.34966 1.14795 0.59038 2.82064 3.80541 2.78957 1.75014 1.03349 4.91911 3.15224 3.37316 1.21985 2.39997 3.54940 1.31808 4.80479 3.78174 0.46160 3.36491 0.35786 2.62381 3.45517 3.06118 0.02661 0.09449 3.83993 1.23787 0.61467 4.56698 4.97341 3.22192 4.53859 2.87416 0.34530 0.89403 0.42850 2.39904 1.20526 3.51547 3.77658 3.01801 2.56747 0.53927 1.48741 0.31082 1.36871 1.87209 3.16593 0.35445 1.44428 3.53392 1.47692 2.73150 2.77874 1.72202 
4.46248 4.68288 4.55750 2.78600 1.88101 4.11271 0.57469 3.08076 0.15860 4.65555 2.74881 3.87453 3.17465 1.12349 0.52053 2.39612 3.55073 0.88750 4.40786 4.88779 3.53272 3.36653 0.99948 0.01281 4.91662 3.07934 1.90389 2.54021 3.58508 0.94812 2.23320 1.26204 4.07395 2.18881 1.02254 1.69082 4.14385 4.45518 2.13338 4.41352 2.05292 4.86592 2.11876 0.64018 2.42594 1.21348 2.29013 4.59979 2.21140 4.48500 0.70924 4.95593 4.66462 1.51954 2.05372 3.29662 3.77500 4.01604 3.79481 0.10535 4.45650 1.07843 1.23729 4.42027 1.37718 2.93767 3.43644 2.60483 1.19067 0.55479 1.35565 4.12033 0.98768 2.93094 1.01191 3.22101 1.85274 3.61861 3.29120 1.08673 2.45821 1.46151 1.55975 3.86417 1.06095 2.87633 3.40945 4.11280 4.76010 0.86919 2.00528 2.03323 0.61579 4.49671 2.84012 0.70670 2.17196 1.13311 0.92772 1.08834 
2.18987 2.67395 4.10161 3.11815 4.53063 0.89130 1.11231 2.72194 1.70528 2.64570 1.96942 4.11099 2.33961 3.95661 2.41547 2.86130 2.42787 4.94584 2.08767 4.61699 3.63732 0.51981 0.33768 0.43579 3.55072 4.46707 3.33266 2.64265 3.37706 3.24410 3.43697 2.02805 1.79935 4.82926 3.11630 4.93184 2.76731 4.55901 4.09942 4.16147 1.01958 1.25050 1.49033 0.34966 1.21348 1.04170 2.89111 0.89972 1.19333 2.73640 0.01897 0.32933 3.39315 3.60077 3.41496 1.23439 3.92593 1.07148 0.37382 2.86082 2.12418 3.04035 2.81935 3.89538 4.80935 1.67047 3.05038 0.48137 0.20576 3.90006 4.10100 3.22458 3.32629 1.15272 0.31412 2.58771 1.39605 1.54842 4.47377 0.12403 2.65336 3.53853 3.61549 3.23315 4.02397 3.24521 2.41660 3.01050 3.25559 1.51267 1.29357 3.17608 2.25590 4.43306 2.14021 4.51541 2.55584 3.81412 1.11869 3.14643 
1.18244 1.88733 0.55475 3.47119 1.21207 4.69628 4.39430 3.26909 1.21920 4.56107 1.30453 1.71805 2.11024 0.00675 3.85232 2.67469 3.71307 4.87983 2.15949 4.09751 0.38390 0.79740 3.42637 4.16309 0.25315 0.68462 3.45292 2.41297 2.80640 4.34791 2.13529 1.88356 0.77200 1.03206 3.74459 3.09817 0.05525 2.29118 4.12480 1.67705 2.24800 1.29340 1.97642 1.14795 2.29013 2.89111 3.05797 1.15007 1.35890 0.78006 2.89014 4.34348 4.57836 4.89963 4.21152 0.92502 0.95422 2.01780 0.98012 2.31518 4.46440 1.33920 4.83825 1.76793 2.97337 1.86681 4.58082 4.79774 4.62845 1.23255 4.89640 1.90053 1.41802 3.94147 0.79486 3.28381 0.73919 2.81876 4.02048 1.68517 3.44844 1.90507 0.78344 4.51012 3.49638 3.91290 2.89427 3.80494 1.95247 4.33279 2.24998 2.60853 1.03530 3.94828 2.07068 3.12419 3.91097 2.61170 4.12415 4.81037 
4.16098 3.18744 1.71716 1.49943 3.64366 1.85041 3.37315 1.18531 0.64662 1.06285 2.58850 0.45072 4.20761 0.45220 1.59276 1.63458 1.48097 0.70979 0.29415 1.08792 2.56534 1.43454 2.84177 4.49867 1.94760 2.97856 2.34703 0.88189 0.85508 0.54126 0.73245 1.77582 2.32502 3.88254 1.71200 3.00035 4.24877 0.23162 1.27765 1.34984 2.11211 3.44580 1.68243 0.59038 4.59979 0.89972 1.15007 0.18977 0.76631 3.78182 3.81557 2.62851 4.13319 2.33178 1.34943 1.87258 1.86297 1.81872 3.27823 0.69231 4.07315 1.40075 1.91309 4.07951 1.23143 3.00268 0.09169 4.47269 2.12674 3.92307 0.97619 1.92600 3.90263 1.11866 1.75073 0.08439 0.66697 3.57055 2.61913 2.68574 0.77843 0.43616 2.20892 4.99125 2.93019 2.44403 1.97927 0.01554 1.37656 1.10414 4.32190 3.85538 3.99649 0.02576 0.31405 0.42356 1.66213 2.77382 3.12616 1.80723 
4.89461 2.34201 4.26903 2.24998 3.52967 0.09957 3.36132 2.70261 1.72976 3.84582 2.28143 4.92449 2.79299 3.88750 0.93035 3.95814 0.99342 3.14383 2.18520 3.64529 0.18175 0.48935 1.78747 3.77916 3.00915 1.50943 1.51627 3.70725 3.86237 3.66272 2.27514 1.82408 3.06797 3.79297 1.80346 4.78175 3.05653 0.55788 4.26979 3.82567 0.72783 4.09514 1.44376 2.82064 2.21140 1.19333 1.35890 0.76631 3.52956 3.89975 3.76437 1.56578 3.22761 0.77700 2.51522 3.04450 2.46772 1.70697 2.29859 1.14059 3.70099 1.06726 0.28222 2.55533 1.11704 4.50991 4.99021 1.99191 1.41160 0.91757 4.68633 3.80546 3.38721 3.85565 0.73640 3.52834 0.02350 2.06042 4.67027 0.42883 1.23213 3.34677 4.76004 1.71947 1.05844 1.55478 0.60723 0.31804 4.70997 0.45645 0.75426 4.73947 3.97330 3.16965 2.98738 1.02324 1.46095 0.65694 1.32675 3.79464 
