1.38079 4.09788 1.18940 2.16711 1.67107 3.32308 2.05788 0.36674 4.84053 1.33480 
4.09788 0.20602 4.63712 4.75097 2.76690 4.56023 1.85583 4.13774 4.71974 1.33499 
1.18940 4.63712 2.27622 0.98923 4.09945 4.02026 4.46002 1.20828 1.88083 4.32247 
2.16711 4.75097 0.98923 4.40898 1.35786 4.17947 0.31327 2.02338 0.95698 4.02152 
1.67107 2.76690 4.09945 1.35786 0.58068 4.41030 0.12136 4.09432 4.51168 3.99259 
3.32308 4.56023 4.02026 4.17947 4.41030 3.09660 2.75775 1.13437 4.17308 2.05882 
2.05788 1.85583 4.46002 0.31327 0.12136 2.75775 1.47901 2.90249 4.03060 3.24834 
0.36674 4.13774 1.20828 2.02338 4.09432 1.13437 2.90249 1.23824 1.86742 3.16231 
4.84053 4.71974 1.88083 0.95698 4.51168 4.17308 4.03060 1.86742 4.23729 0.53033 
1.33480 1.33499 4.32247 4.02152 3.99259 2.05882 3.24834 3.16231 0.53033 0.32347 
4.33392 4.48713 1.33902 0.83621 4.03557 2.35876 2.38098 3.28733 0.56826 0.56982 
4.48713 4.25847 4.70182 2.13048 0.40768 3.21728 3.54642 2.60222 4.05859 0.94505 
1.33902 4.70182 3.97845 0.89444 2.54878 4.53055 4.59317 3.78742 1.17552 4.11495 
0.83621 2.13048 0.89444 0.84272 1.37305 1.37645 2.30146 0.81717 4.87926 1.98777 
4.03557 0.40768 2.54878 1.37305 1.93089 0.47298 2.98376 4.23740 0.16413 2.82224 
2.35876 3.21728 4.53055 1.37645 0.47298 2.47742 1.81509 4.11274 0.39987 2.96449 
2.38098 3.54642 4.59317 2.30146 2.98376 1.81509 3.24499 2.21258 4.04781 2.97799 
3.28733 2.60222 3.78742 0.81717 4.23740 4.11274 2.21258 3.17039 1.59814 0.69309 
0.56826 4.05859 1.17552 4.87926 0.16413 0.39987 4.04781 1.59814 1.62359 4.23864 
0.56982 0.94505 4.11495 1.98777 2.82224 2.96449 2.97799 0.69309 4.23864 1.37606 
